"Date","open GEO Price in USD","high GEO Price in USD","low GEO Price in USD","close GEO Price in USD","GEO Volume","Days to cover 3m (on loan)","Cost To Borrow","Exchange Reported SI","Estimated Short Interest","Dividends","hidden"
"07-Aug-12",,,,,,,,,,
"17-Aug-12",,,,,,,,,,
"07-Sep-12",,,,,,,,,,
"05-Nov-12",,,,,,,,,,
"14-Nov-12",,,,,,,,,,
"30-Nov-12",,,,,,,,,,
"04-Dec-12",,,,,,,,,,
"10-Dec-12",,,,,,,,,,
"31-Dec-12",,,,,,,,,,
"18-Jan-13",,,,,,,,,,
"13-Feb-13",,,,,,,,,,
"01-Mar-13",,,,,,,,,,
"07-May-13",,,,,,,,,,
"16-May-13",,,,,,,,,,
"03-Jun-13",,,,,,,,,,
"30-Jul-13",,,,,,,,,,
"15-Aug-13",,,,,,,,,,
"29-Aug-13",,,,,,,,,,
"01-Nov-13",,,,,,,,,,
"12-Nov-13",,,,,,,,,,
"26-Nov-13",,,,,,,,,,
"18-Feb-14",,,,,,,,,,
"27-Feb-14",,,,,,,,,,
"14-Mar-14",,,,,,,,,,
"28-Apr-14",,,,,,,,,,
"13-May-14",,,,,,,,,,
"27-May-14",,,,,,,,,,
"05-Aug-14",,,,,,,,,,
"14-Aug-14",,,,,,,,,,
"29-Aug-14",,,,,,,,,,
"05-Nov-14",,,,,,,,,,
"13-Nov-14",,,,,,,,,,
"26-Nov-14",,,,,,,,,,
"02-Jan-15",26.933333,27.093333,26.8,27.086666,441351
"05-Jan-15",27.066666,27.346666,26.866666,27.26,675229
"06-Jan-15",27.32,27.766666,26.986666,27.126666,684648
"07-Jan-15",27.28,27.5,27.1,27.446666,534576
"08-Jan-15",27.606666,27.74,27.24,27.5,784485
"09-Jan-15",27.573333,27.573333,27.046666,27.293333,561633
"12-Jan-15",27.273333,27.56,27.166666,27.453333,687523
"13-Jan-15",27.606666,27.766666,27.246666,27.473333,636190
"14-Jan-15",27.22,27.406666,27.026666,27.346666,487005
"15-Jan-15",27.466666,27.506666,27.26,27.32,1063887
"16-Jan-15",27.173333,27.7,27.173333,27.673333,1005864
"20-Jan-15",27.826666,28.073333,27.573333,27.68,1259944
"21-Jan-15",27.68,27.82,27.566666,27.593333,486918
"22-Jan-15",27.766666,28.593333,27.626666,28.56,1007452
"23-Jan-15",28.573333,28.653333,28.353333,28.44,546762
"26-Jan-15",28.666666,28.76,28.4,28.746666,658044
"27-Jan-15",28.593333,28.833333,28.526666,28.7,537849
"28-Jan-15",28.88,29.02,28.7,28.826666,1011666
"29-Jan-15",28.873333,29.466666,28.693333,29.466666,939379
"30-Jan-15",29.42,29.433333,28.66,29.013333,904149
"02-Feb-15",29.026666,29.056666,28.366666,28.926666,630012
"03-Feb-15",29.106666,29.553333,29.02,29.54,540043
"04-Feb-15",29.433333,29.533333,29.266666,29.313333,507546
"05-Feb-15",29.473333,29.766666,28.993333,29.726666,625827
"06-Feb-15",29.713333,29.8266,29.14,29.3,807859,,,,,
"09-Feb-15",29.293333,29.333333,28.286666,28.326666,883225
"10-Feb-15",28.446666,28.633333,28.126666,28.546666,604443
"11-Feb-15",28.506666,28.506666,27.866666,28.273333,815485
"12-Feb-15",28.06,28.593333,28.06,28.533333,582295,,,,,
"13-Feb-15",28.546666,28.606666,28.2,28.553333,489519
"17-Feb-15",28.633333,28.9,28.54,28.8,716140
"18-Feb-15",28.873333,29.433333,28.5,29.326666,789564
"19-Feb-15",29.506666,29.606666,28.34,28.44,674167
"20-Feb-15",28.466666,28.605333,28.006666,28.506666,616483
"23-Feb-15",28.426666,28.826666,28.394666,28.826666,554001
"24-Feb-15",28.72,28.9,28.546733,28.786666,427542
"25-Feb-15",28.74,28.76,28.22,28.32,360396
"26-Feb-15",28.253333,28.44,28.08,28.393333,300625
"27-Feb-15",28.393333,28.886666,28.373333,28.766666,836016,,,,,
"02-Mar-15",28.7,29.44,28.66,29.426666,814752
"03-Mar-15",29.193333,29.396666,29.006666,29.22,616396
"04-Mar-15",29.086666,29.172666,28.77,29.013333,557830
"05-Mar-15",29.066666,29.473333,29.006666,29.293333,533613
"06-Mar-15",29.1,29.153333,27.626666,27.666666,799363
"09-Mar-15",27.866666,28.04,27.733333,27.86,408177
"10-Mar-15",27.666666,27.824666,27.4,27.62,497532
"11-Mar-15",27.646666,28.007333,27.606733,27.96,381649
"12-Mar-15",28.2,28.633333,28.104666,28.446666,576976
"13-Mar-15",28.393333,28.4,27.906666,28.146666,503853
"16-Mar-15",28.293333,28.586666,28.186666,28.32,360147
"17-Mar-15",28.173333,28.32,28.033333,28.293333,631956
"18-Mar-15",28.333333,28.773333,27.913333,28.74,610878
"19-Mar-15",28.706666,28.94,28.526666,28.846666,484425
"20-Mar-15",28.933333,30.166666,28.9,30.126666,2489322
"23-Mar-15",30.126666,30.126666,29.646666,29.726666,1701613
"24-Mar-15",29.673333,29.86,29.486666,29.54,478674
"25-Mar-15",29.666666,29.733333,28.966666,28.993333,873702
"26-Mar-15",28.9,29.233333,28.793333,29.053333,1460071
"27-Mar-15",29.046666,29.353333,28.906666,29.186666,633042
"30-Mar-15",29.413333,29.58,29.293333,29.506666,599485
"31-Mar-15",29.333333,29.48,29.040133,29.16,814560
"01-Apr-15",29.18,29.586666,28.933333,29.246666,604128
"02-Apr-15",29.226666,29.72,29.226666,29.64,866452
"06-Apr-15",29.626666,29.9,29.626666,29.733333,553147
"07-Apr-15",29.753333,29.84,29.546666,29.586666,729847
"08-Apr-15",29.58,29.666666,29.14,29.346666,629295
"09-Apr-15",29.326666,29.353333,28.536666,28.56,613303
"10-Apr-15",28.753333,29,28.673333,28.713333,655563
"13-Apr-15",28.713333,29.033333,28.7,28.973333,647188
"14-Apr-15",28.966666,29.013333,28.586666,28.68,637866
"15-Apr-15",28.726666,28.883,28.52,28.553333,575509
"16-Apr-15",28.513333,28.592533,28.1534,28.273333,500031
"17-Apr-15",28.133333,28.226666,27.833333,28.04,756328
"20-Apr-15",28.146666,28.3,28.01,28.053333,926737
"21-Apr-15",28.166666,28.346666,28.006666,28.08,503881
"22-Apr-15",28.086666,28.277333,28.006666,28.053333,518808
"23-Apr-15",28.04,28.273333,28.04,28.22,1396707
"24-Apr-15",28.226666,28.3,28.026666,28.066666,409315
"27-Apr-15",28.166666,28.293333,27.673333,27.806666,1826934
"28-Apr-15",27.766666,28.186666,27.766666,28.026666,670825
"29-Apr-15",27.926666,27.986666,27.1,27.46,813193,,,,,
"30-Apr-15",26.946666,27.073333,25.843333,26,1719361
"01-May-15",25.973333,26.186666,25.62,25.813333,1088352
"04-May-15",25.793333,25.88,25.28,25.333333,1040517
"05-May-15",25.266666,25.266666,24.36,24.493333,1332421
"06-May-15",24.533333,24.76,23.78,24.22,1335829
"07-May-15",23.82,24.7,23.72,24.506666,1251088,,,,,
"08-May-15",24.88,25.366666,24.513333,24.54,908550
"11-May-15",24.44,24.94,24.38,24.52,1119049
"12-May-15",24.433333,24.566666,24.18,24.506666,558069
"13-May-15",24.586666,24.713333,24.26,24.353333,603292
"14-May-15",24.46,24.726666,24.353333,24.68,565009
"15-May-15",24.693333,24.853333,24.56,24.786666,784209
"18-May-15",24.713333,25.04,24.6368,25,631200
"19-May-15",25.013333,25.286666,24.748,25.26,1048638
"20-May-15",25.333333,25.653133,25.08,25.413333,854710
"21-May-15",25.56,25.853333,25.28,25.44,951919,,,,,
"22-May-15",25.34,25.5,25.113333,25.3,819550
"26-May-15",25.233333,25.293333,24.94,25.14,639313
"27-May-15",25.1,25.506666,25.093333,25.433333,651589
"28-May-15",25.373333,25.466666,25.246666,25.42,764740
"29-May-15",25.36,25.62,25.253333,25.286666,1160922
"01-Jun-15",25.346666,25.74,25.26,25.66,630325
"02-Jun-15",25.513333,25.62,25.273333,25.36,778870
"03-Jun-15",25.366666,25.373333,25.026666,25.093333,684253
"04-Jun-15",24.986666,25.053333,24.813333,24.906666,440641
"05-Jun-15",24.686666,24.686666,24.34,24.533333,487030
"08-Jun-15",24.493333,24.506666,24.2,24.206666,510459
"09-Jun-15",24.253333,24.273333,23.843333,23.886666,754750
"10-Jun-15",23.973333,24.253333,23.9,23.94,788401
"11-Jun-15",24.046666,24.046666,23.726666,23.846666,786825
"12-Jun-15",23.706666,23.833333,23.566666,23.713333,679266
"15-Jun-15",23.646666,23.853333,23.4,23.666666,669618
"16-Jun-15",23.653333,23.786666,23.466666,23.486666,777987
"17-Jun-15",23.573333,23.853333,23.433333,23.806666,463659
"18-Jun-15",23.86,24.246666,23.86,24.213333,645889
"19-Jun-15",23.933333,24.24,23.8,23.853333,1530838
"22-Jun-15",23.96,23.973333,23.526666,23.553333,498487
"23-Jun-15",23.586666,23.72,23.513333,23.546666,1168051
"24-Jun-15",23.546666,23.633333,23.2,23.386666,681979
"25-Jun-15",23.353333,23.38,23.14,23.22,736650
"26-Jun-15",23.266666,23.38,23.126666,23.266666,766003
"29-Jun-15",23.246666,23.466666,22.84,22.853333,639739
"30-Jun-15",22.993333,23.03,22.6,22.773333,873198
"01-Jul-15",22.873333,23.08,22.666666,23,936480
"02-Jul-15",23.193333,23.26,22.893333,23.16,728308
"06-Jul-15",23.113333,23.573333,23.073333,23.46,856206
"07-Jul-15",23.553333,23.86,23.506666,23.766666,1089141
"08-Jul-15",23.7,23.773333,23.113333,23.173333,1170634
"09-Jul-15",23.24,23.453333,22.993333,23,877345
"10-Jul-15",23.226666,23.893333,23.226666,23.613333,1003236
"13-Jul-15",23.82,24.156666,23.726666,23.966666,1091007
"14-Jul-15",24.146666,24.86,24.093333,24.7,1543710
"15-Jul-15",24.633333,24.806666,24.44,24.626666,961326
"16-Jul-15",24.766666,24.906666,24.66,24.82,879415
"17-Jul-15",24.826666,24.906666,24.74,24.893333,1112481
"20-Jul-15",24.92,25.26,24.786666,25.233333,824461
"21-Jul-15",25.193333,25.28,24.966666,24.986666,694416
"22-Jul-15",24.933333,25.146666,24.86,25.04,655123
"23-Jul-15",25.04,25.113333,24.713333,24.76,588060
"24-Jul-15",24.733333,24.973333,24.606666,24.653333,701529
"27-Jul-15",24.62,24.733333,24.506666,24.606666,616602
"28-Jul-15",24.613333,24.933333,24.413333,24.766666,569301
"29-Jul-15",24.733333,25.26,24.634333,25.086666,511882
"30-Jul-15",24.986666,25.038,24.726666,24.84,454698
"31-Jul-15",25.02,25.373333,24.922,25.166666,616450,,,,,
"03-Aug-15",25.153333,25.36,25.060666,25.24,547699
"04-Aug-15",25.12,25.12,23.346666,23.646666,1824676
"05-Aug-15",23.586666,23.806666,23.173333,23.266666,1194486
"06-Aug-15",23.273333,23.273333,22.593333,22.906666,1149484
"07-Aug-15",22.906666,23.18,22.833333,23.02,867390
"10-Aug-15",23.193333,23.193333,22.963333,23.1,933301
"11-Aug-15",23.066666,23.26,22.94,23.213333,779655
"12-Aug-15",22.406666,22.84,22.02,22.7,964290,,,,,
"13-Aug-15",22.7,22.74,22.063333,22.08,747873
"14-Aug-15",21.986666,22.08,21.686666,21.893333,767181
"17-Aug-15",21.866666,22,21.726666,21.98,909712
"18-Aug-15",21.96,22.094666,21.74,21.786666,568438
"19-Aug-15",21.673333,21.773333,21.263333,21.42,893239
"20-Aug-15",21.34,21.486666,21.066666,21.2,678547
"21-Aug-15",20.946666,21.2,20.5204,20.813333,1127649
"24-Aug-15",20.173333,20.626666,19.313333,19.753333,1248511,,,,,
"25-Aug-15",20.353333,20.586666,19.473333,19.52,956950
"26-Aug-15",20.06,20.533333,19.520066,19.933333,973864
"27-Aug-15",20.06,20.613333,19.818,20.393333,932862
"28-Aug-15",20.4,20.48,19.986666,20.273333,1161022
"31-Aug-15",20.24,20.366666,20.006666,20.02,1244251
"01-Sep-15",19.673333,19.84,19.486666,19.553333,877561
"02-Sep-15",19.733333,19.813333,19.386666,19.713333,987253
"03-Sep-15",19.786666,19.96,19.593333,19.64,524172
"04-Sep-15",19.38,19.513333,19.22,19.42,564426
"08-Sep-15",19.733333,19.826666,19.533333,19.713333,1011178
"09-Sep-15",19.913333,19.98,19.546666,19.573333,791781
"10-Sep-15",19.56,19.78,19.333333,19.433333,563371
"11-Sep-15",19.393333,19.86,19.306666,19.853333,643599
"14-Sep-15",19.853333,20.126666,19.746666,19.986666,577188
"15-Sep-15",20.033333,20.313333,19.903333,20.186666,907771
"16-Sep-15",20.18,20.853333,20.1,20.68,1316556
"17-Sep-15",20.633333,21.07,20.4,20.62,1265415
"18-Sep-15",20.326666,20.886666,20.24,20.826666,1625085
"21-Sep-15",20.926666,20.986666,20.693333,20.86,515605
"22-Sep-15",20.733333,20.793333,20.38,20.46,963874
"23-Sep-15",20.486666,20.606666,20.206666,20.32,549006
"24-Sep-15",20.206666,20.3,19.9,20.113333,814504
"25-Sep-15",20.28,20.493333,20.013333,20.333333,676296
"28-Sep-15",20.253333,20.28,19.746666,19.853333,570343
"29-Sep-15",19.846666,19.993333,19.7,19.873333,475968
"30-Sep-15",19.98,20.133333,19.746666,19.826666,865281
"01-Oct-15",19.82,20.186666,19.42,19.62,1343754
"02-Oct-15",19.54,20.046666,19.313333,19.853333,591726
"05-Oct-15",20.013333,20.775,19.96,20.766666,737722
"06-Oct-15",20.733333,20.866666,20.486666,20.52,453999
"07-Oct-15",20.533333,21.106666,20.493333,21.1,538263
"08-Oct-15",21.093333,21.273333,20.973333,21.193333,721741
"09-Oct-15",21.22,21.318666,21.02,21.08,521802
"12-Oct-15",21.086666,21.413333,21.086666,21.3,675447
"13-Oct-15",21.253333,21.34,21.013333,21.033333,557284
"14-Oct-15",21.013333,21.183333,20.78,20.866666,491931
"15-Oct-15",20.88,21.226666,20.646666,21.086666,652863
"16-Oct-15",21.16,21.213333,20.966666,21.213333,593017
"19-Oct-15",21.153333,21.186666,20.993333,21.173333,644593
"20-Oct-15",21.1,21.353333,21.1,21.233333,638605
"21-Oct-15",21.333333,21.353333,21.093333,21.133333,363103
"22-Oct-15",21.306666,21.53,21.246733,21.386666,441972
"23-Oct-15",21.453333,21.706666,21.3,21.566666,431599
"26-Oct-15",21.506666,21.62,21.32,21.426666,322860
"27-Oct-15",21.36,21.406666,20.773333,20.853333,610248
"28-Oct-15",21.006666,21.64,21.006666,21.64,652150
"29-Oct-15",21.48,21.793333,21.48,21.786666,524187
"30-Oct-15",21.753333,22.086666,20.866666,21.513333,1715160
"02-Nov-15",21.48,22.15,21.42,22.12,1309351
"03-Nov-15",22.053333,22.193333,21.876666,21.9,714937,,,,,
"04-Nov-15",21.933333,21.966666,21.433333,21.613333,680743
"05-Nov-15",22.16,22.7,21.953333,22.26,985816
"06-Nov-15",22,22.226666,20.726666,21.173333,1127754
"09-Nov-15",21.1,21.221666,20.153333,20.18,1105155
"10-Nov-15",20.186666,20.353333,20,20.093333,702844
"11-Nov-15",20.126666,20.1392,19.62,19.666666,741357
"12-Nov-15",19.106666,19.266666,18.666666,18.82,1121895,,,,,
"13-Nov-15",18.913333,19.04,18.42,18.433333,888441
"16-Nov-15",18.366666,18.926666,18.366666,18.92,946257
"17-Nov-15",18.833333,18.913333,18.553333,18.62,616129
"18-Nov-15",18.66,19.113333,18.454666,19.1,962922
"19-Nov-15",19.086666,19.413333,19.02,19.213333,727392
"20-Nov-15",19.333333,19.92,19.273333,19.9,647917
"23-Nov-15",19.926666,20.36,19.873333,20.34,1059993
"24-Nov-15",20.173333,20.426666,20.006733,20.186666,753949
"25-Nov-15",20.18,20.242,19.826666,19.86,567204,,,,,
"27-Nov-15",19.806666,19.9,19.6816,19.786666,443791
"30-Nov-15",19.786666,20.006666,19.5,19.546666,1089901
"01-Dec-15",19.64,19.946666,19.56,19.946666,687103
"02-Dec-15",19.933333,20.206666,19.793333,19.926666,556867
"03-Dec-15",19.913333,19.986666,19.5,19.52,631980
"04-Dec-15",19.546666,19.86,19.446666,19.506666,526117
"07-Dec-15",19.493333,19.493333,19.03,19.166666,735600
"08-Dec-15",19.013333,19.52,18.48,18.766666,933738
"09-Dec-15",18.66,19.0666,18.54,18.613333,640462
"10-Dec-15",18.673333,18.913333,18.566666,18.793333,754956
"11-Dec-15",18.8,18.993333,18.513333,18.766666,889915
"14-Dec-15",18.72,18.833333,18.106666,18.173333,1019641
"15-Dec-15",18.233333,18.693333,17.953333,18.2,842887
"16-Dec-15",18.346666,18.66,18.2,18.593333,1135855
"17-Dec-15",18.62,18.63,17.973333,17.993333,982617
"18-Dec-15",17.913333,18.28,17.88,18.086666,3043983
"21-Dec-15",18.213333,18.253333,17.333333,17.673333,1287441
"22-Dec-15",17.766666,18.316666,17.666666,18.273333,1178376
"23-Dec-15",18.446666,18.893333,18.263333,18.886666,719130
"24-Dec-15",18.846666,18.96,18.62,18.906666,596148
"28-Dec-15",18.826666,19.033333,18.64,19.02,641743
"29-Dec-15",19.073333,19.313333,19.006666,19.313333,537160
"30-Dec-15",19.266666,19.386666,18.98,19.013333,498132
"31-Dec-15",18.986666,19.393333,18.866666,19.273333,715212
"04-Jan-16",19.086666,19.32,18.933333,19.18,846771
"05-Jan-16",19.173333,19.446666,19,19.333333,874245
"06-Jan-16",19.166666,19.466666,19.160666,19.326666,499461
"07-Jan-16",18.973333,19.126666,18.653333,18.653333,457287
"08-Jan-16",18.793333,18.82,18.033333,18.093333,909664
"11-Jan-16",18.106666,18.446666,18.106666,18.373333,668674
"12-Jan-16",18.546666,18.691666,18.173333,18.38,676713
"13-Jan-16",18.48,18.613333,17.986666,18.06,632251
"14-Jan-16",18.12,18.56,17.88,18.393333,824764
"15-Jan-16",17.98,18.106666,17.533333,18.106666,798726
"19-Jan-16",18.313333,18.553333,18.013333,18.433333,599328
"20-Jan-16",18.166666,18.366666,17.373333,18.013333,798711
"21-Jan-16",18.153333,18.233333,17.833333,17.986666,728712
"22-Jan-16",18.186666,18.56,18.08,18.473333,526468
"25-Jan-16",18.366666,18.45,17.92,18.033333,517207
"26-Jan-16",18.226666,18.993333,18.193333,18.973333,657939
"27-Jan-16",18.866666,18.96,18.52,18.713333,588996
"28-Jan-16",18.873333,18.906666,18.594533,18.74,399912
"29-Jan-16",18.88,19.766666,18.87,19.72,1094616
"01-Feb-16",19.58,19.786666,19.38,19.546666,577687
"02-Feb-16",19.353333,19.573333,19.02,19.033333,1031313
"03-Feb-16",19.253333,19.413333,18.94,19.36,1165833,,,,,
"04-Feb-16",19.36,20.113333,19.36,20.073333,676464
"05-Feb-16",19.913333,20.2,19.26,19.346666,1062280
"08-Feb-16",19.28,19.28,18.086666,18.38,824946
"09-Feb-16",18.193333,18.543333,17.786666,18.3,898939
"10-Feb-16",18.42,18.803333,18.046666,18.066666,786975
"11-Feb-16",17.373333,17.546666,17.013333,17.386666,1008555,,,,,
"12-Feb-16",17.553333,17.72,17.36,17.546666,597643
"16-Feb-16",17.66,18.52,17.66,18.433333,975061
"17-Feb-16",18.706666,20.133333,18.506666,19.266666,1703863
"18-Feb-16",19.16,19.673333,18.906666,19.613333,2089345
"19-Feb-16",19.44,19.573333,18.12,18.666666,1360383
"22-Feb-16",19.033333,19.313333,18.733333,19.106666,898824
"23-Feb-16",19.086666,19.173333,18.726666,18.733333,514011
"24-Feb-16",18.58,19.068866,18.213333,18.626666,542449
"25-Feb-16",18.74,18.966666,18.586666,18.94,484227
"26-Feb-16",19.046666,19.286666,18.929333,19.073333,653890,,,,,
"29-Feb-16",19.073333,19.553333,18.940066,19.36,1155715
"01-Mar-16",19.48,19.566666,19.28,19.493333,549891
"02-Mar-16",19.486666,20.026666,19.273333,19.98,756189
"03-Mar-16",20.006666,20.443333,19.946666,20.426666,713178
"04-Mar-16",20.373333,20.446666,19.56,19.613333,1043866
"07-Mar-16",19.566666,19.74,19.366666,19.726666,1084320
"08-Mar-16",19.653333,19.7158,19.166666,19.193333,655731
"09-Mar-16",19.28,19.68,19.213333,19.613333,523951
"10-Mar-16",19.733333,19.86,19.3,19.593333,454842
"11-Mar-16",19.846666,20.64,19.733333,20.613333,975142
"14-Mar-16",20.526666,20.666666,20.246666,20.473333,695670
"15-Mar-16",20.226666,20.343333,19.713333,20.033333,625933
"16-Mar-16",19.92,20.793333,19.84,20.746666,708784
"17-Mar-16",20.76,21.973333,20.76,21.76,1079308
"18-Mar-16",21.913333,22.173333,21.6928,22.16,1351011
"21-Mar-16",22.013333,22.103333,21.513333,21.706666,617880
"22-Mar-16",21.553333,21.946666,21.373333,21.86,613998
"23-Mar-16",21.793333,21.926666,21.546666,21.566666,546640
"24-Mar-16",21.353333,21.886666,21.193333,21.873333,489969
"28-Mar-16",21.946666,22.253333,21.834333,22.093333,570328
"29-Mar-16",22.066666,22.766666,22.0182,22.766666,763437
"30-Mar-16",22.866666,23.1,22.733333,22.96,809626
"31-Mar-16",22.886666,23.366666,22.834,23.113333,1176558
"01-Apr-16",22.913333,23.153333,22.533333,23.04,770103
"04-Apr-16",23.006666,23.14,22.673333,22.68,417703
"05-Apr-16",22.526666,22.663333,22.366733,22.486666,669201
"06-Apr-16",22.486666,22.546666,22.108666,22.266666,947416
"07-Apr-16",22.16,22.313333,21.813333,22.126666,1033710
"08-Apr-16",22.313333,22.568266,22.046666,22.12,534715
"11-Apr-16",22.366666,22.96,22.226666,22.76,680362
"12-Apr-16",22.833333,23.013333,22.633333,22.746666,455559
"13-Apr-16",22.8,22.92,22.586666,22.773333,820251
"14-Apr-16",22.813333,22.813333,22.4,22.433333,508596
"15-Apr-16",22.4,22.586666,22.373333,22.38,478254
"18-Apr-16",22.366666,23.113333,22.333333,23.08,808089
"19-Apr-16",23.12,23.233333,22.486666,22.58,601369
"20-Apr-16",22.593333,22.66,22.14,22.206666,704215,,,,,
"21-Apr-16",22.22,22.299933,21.613333,21.726666,933052
"22-Apr-16",21.873333,21.933333,21.533333,21.613333,846573
"25-Apr-16",21.586666,21.620266,21.433333,21.56,998116
"26-Apr-16",21.633333,21.933333,21.466666,21.873333,775702
"27-Apr-16",22,22.066666,21.733333,22.053333,622702
"28-Apr-16",21.8,22.346666,21.553333,21.733333,848005,,,,,
"29-Apr-16",21.666666,21.78,20.926666,21.353333,814170
"02-May-16",21.393333,21.553333,21.233333,21.346666,660832
"03-May-16",21.166666,21.706666,21.1334,21.5,612058
"04-May-16",21.346666,21.926666,21.346666,21.686666,600291
"05-May-16",21.686666,22.326666,21.613333,22.24,1045185
"06-May-16",22.113333,22.293133,21.66,21.893333,1092882
"09-May-16",21.866666,22.1,21.76,21.893333,573646
"10-May-16",21.966666,22.113333,21.846666,22.013333,412860
"11-May-16",22.033333,22.1,21.82,21.833333,821872
"12-May-16",21.886666,21.946666,21.426666,21.813333,720769,,,,,
"13-May-16",21.833333,21.92,21.566666,21.733333,880945
"16-May-16",21.706666,21.833333,21.5,21.673333,706138
"17-May-16",21.593333,21.663333,20.766733,20.913333,913650
"18-May-16",20.94,21.14,20.62,20.773333,486967
"19-May-16",20.586666,20.92,20.490666,20.813333,471319
"20-May-16",20.966666,21.36,20.9,21.053333,603769
"23-May-16",21.1,21.35,20.993333,21.113333,468391
"24-May-16",21.253333,21.693333,21.213333,21.666666,581398
"25-May-16",21.653333,21.76,21.413333,21.606666,353077
"26-May-16",21.613333,22.213333,21.6,22.12,729766
"27-May-16",22.14,22.32,22.056666,22.18,499762
"31-May-16",22.22,22.313333,21.973333,22.173333,1354227
"01-Jun-16",22.113333,22.36,21.973333,22.193333,463669
"02-Jun-16",22.106666,22.4,22.106666,22.28,671431
"03-Jun-16",22.48,22.64,22.393333,22.42,540687
"06-Jun-16",22.406666,22.733333,22.346666,22.44,378390
"07-Jun-16",22.44,22.646666,22.36,22.44,579915
"08-Jun-16",22.46,22.653333,22.406666,22.533333,311979
"09-Jun-16",22.453333,22.666666,22.426666,22.62,350889
"10-Jun-16",22.5,22.633333,22.286666,22.406666,340683
"13-Jun-16",22.393333,22.466666,22.026666,22.073333,438346
"14-Jun-16",22,22.12,21.672,21.846666,594627
"15-Jun-16",21.82,22.08,21.753333,21.86,495559
"16-Jun-16",21.733333,21.92,21.48,21.826666,568579
"17-Jun-16",21.853333,22.026666,21.633333,21.893333,1398352
"20-Jun-16",22.053333,22.286666,21.943333,22.186666,414117
"21-Jun-16",22.16,22.333333,22.093333,22.233333,379515
"22-Jun-16",22.193333,22.413333,22.163333,22.24,493231
"23-Jun-16",22.446666,22.593333,22.386666,22.58,461166
"24-Jun-16",22.033333,22.586666,21.86,22.366666,1533580
"27-Jun-16",22.133333,22.326666,21.84,22.14,612829
"28-Jun-16",22.34,22.426666,21.98,22.106666,734521
"29-Jun-16",22.253333,22.546666,22.14,22.533333,1129645
"30-Jun-16",22.546666,22.793333,22.273333,22.786666,1479756
"01-Jul-16",22.68,22.808666,22.466666,22.58,905046
"05-Jul-16",22.56,22.706666,22.413333,22.686666,715975
"06-Jul-16",22.633333,23.04,22.416666,23,827278
"07-Jul-16",22.88,22.936666,22.38,22.413333,564514
"08-Jul-16",22.466666,22.74,22.293333,22.486666,672057
"11-Jul-16",22.6,23,22.476666,22.826666,815952
"12-Jul-16",22.82,23.166666,22.813333,23.04,607459
"13-Jul-16",23.066666,23.333333,22.953333,23.326666,644667
"14-Jul-16",23.346666,23.42,23.026666,23.06,626064
"15-Jul-16",23.106666,23.213333,22.931333,23.153333,389508
"18-Jul-16",23.213333,23.426666,23.1,23.386666,454213
"19-Jul-16",23.34,23.34,22.866666,23.026666,594802
"20-Jul-16",23.02,23.26,22.873333,23.1,664939,,,,,
"21-Jul-16",23.1,23.133333,22.82,22.973333,675495
"22-Jul-16",22.993333,23.173333,22.933333,23.146666,465472
"25-Jul-16",23.153333,23.333333,23.12,23.233333,443677
"26-Jul-16",23.286666,23.386666,22.706666,23.153333,922137
"27-Jul-16",23.18,23.18,22.786666,22.893333,665340
"28-Jul-16",22.546666,22.753333,22.353333,22.64,892966,,,,,
"29-Jul-16",22.6,23.086666,22.533333,23.073333,623404
"01-Aug-16",23.046666,23.28,22.92,23.226666,713361
"02-Aug-16",23.086666,23.366666,22.573333,22.68,743544
"03-Aug-16",22.586666,22.716666,21.766666,21.906666,1073287
"04-Aug-16",21.86,21.966666,21.063466,21.186666,1444131
"05-Aug-16",21.253333,21.706666,21.133333,21.553333,1001487
"08-Aug-16",21.653333,21.753333,21.586666,21.68,544161
"09-Aug-16",21.686666,21.78,21.523333,21.646666,548989
"10-Aug-16",21.653333,21.726666,21.346666,21.493333,1048110
"11-Aug-16",21.5,21.586666,21.306666,21.48,560704
"12-Aug-16",21.593333,21.826666,21.546666,21.62,500581,,,,,
"15-Aug-16",21.613333,21.826666,21.613333,21.626666,458239
"16-Aug-16",21.606666,21.618133,21.28,21.353333,572628
"17-Aug-16",21.4,21.54,21.073333,21.526666,594597
"18-Aug-16",21.546666,21.72,10.84,13.006666,37203135
"19-Aug-16",14.666666,15.986666,14.2,15.786666,26208840
"22-Aug-16",16.12,16.666666,15.833333,16.42,9141570
"23-Aug-16",16.38,16.466666,15.404666,15.673333,6925375
"24-Aug-16",15.5,15.5,14.906666,15.133333,4935222
"25-Aug-16",15.04,15.36,14.806666,15.173333,3342895
"26-Aug-16",15.066666,15.086666,14.493333,14.606666,3052567
"29-Aug-16",14.666666,15.06,13.453333,14.166666,8091361
"30-Aug-16",14.04,14.133333,13.06,13.16,6938814
"31-Aug-16",13.16,13.539933,12.893333,13.36,4660789
"01-Sep-16",13.253333,13.253333,12.946666,13.12,1909813
"02-Sep-16",13.126666,13.98,13.126666,13.9,3337479
"06-Sep-16",13.9,14.206666,13.84,14.18,2757163
"07-Sep-16",14.266666,14.38,14.093333,14.34,2333742
"08-Sep-16",14.226666,14.613333,14.226666,14.513333,1807527
"09-Sep-16",14.38,14.443333,14.173333,14.306666,2473794
"12-Sep-16",14.206666,14.64,14.18,14.533333,2174532
"13-Sep-16",14.286666,14.600066,14.28,14.546666,2600443
"14-Sep-16",14.613333,14.926666,14.526666,14.653333,3246609
"15-Sep-16",14.58,14.769066,14.466666,14.693333,1713510
"16-Sep-16",14.633333,16.593333,14.633333,15.446666,6465454
"19-Sep-16",15.46,15.886666,15.233666,15.866666,2739390
"20-Sep-16",15.866666,15.973333,15.54,15.553333,2431522
"21-Sep-16",15.58,16.246666,15.546666,16.193333,1821169
"22-Sep-16",16.273333,17.246666,16.26,16.813333,2652880
"23-Sep-16",16.706666,16.853333,16.453333,16.74,1364938
"26-Sep-16",16.646666,16.853333,16.34,16.413333,1987018
"27-Sep-16",16.14,16.16,15.553333,15.786666,2639488
"28-Sep-16",15.833333,16.133333,15.433266,15.64,2776036
"29-Sep-16",15.586666,15.78,15.406666,15.513333,2033815
"30-Sep-16",15.893333,16.06,15.753333,15.853333,1457466
"03-Oct-16",15.633333,16.073333,15.56,16.06,1409671
"04-Oct-16",16.1,16.146666,15.686666,15.88,1860246
"05-Oct-16",15.9,16.013333,15.7,15.72,1016245
"06-Oct-16",15.646666,15.8,15.441866,15.653333,1010352
"07-Oct-16",15.753333,15.853333,15.28,15.326666,1216935
"10-Oct-16",15.326666,15.633333,15.306666,15.56,575935
"11-Oct-16",15.54,15.626666,15.066666,15.246666,1060768
"12-Oct-16",15.466666,16.386666,15.346666,16.04,1973076
"13-Oct-16",15.986666,16,15.626666,15.706666,1028983
"14-Oct-16",15.866666,16,15.513333,15.566666,835800
"17-Oct-16",15.606666,15.96,15.606666,15.706666,832465
"18-Oct-16",16.04,16.513333,15.9,16.073333,1558843,,,,,
"19-Oct-16",16.126666,16.246666,15.713333,15.846666,1636221
"20-Oct-16",15.833333,16,15.493333,15.746666,1811368
"21-Oct-16",15.56,16.34,15.546666,16.186666,3269476
"24-Oct-16",16.18,16.346666,15.96,16.173333,815826
"25-Oct-16",16.166666,16.473266,16.12,16.32,693168
"26-Oct-16",16.293333,16.486666,16.043333,16.106666,963919
"27-Oct-16",15.673333,15.713333,15.266666,15.5,1117506,,,,,
"28-Oct-16",15.56,15.72,15.32,15.666666,1382817
"31-Oct-16",15.76,16.046666,15.68,15.973333,1296889
"01-Nov-16",16.033333,16.346666,15.54,15.68,1335733
"02-Nov-16",15.813333,15.813333,15.466666,15.486666,785896
"03-Nov-16",16.44,16.44,15.346666,15.42,1052329
"04-Nov-16",15.52,15.866666,15.446666,15.72,1921389
"07-Nov-16",15.753333,16.026666,15.386666,15.933333,1516749
"08-Nov-16",16.02,16.266666,15.813333,15.92,1066054
"09-Nov-16",19.42,21.52,18.433333,19.306666,12741270
"10-Nov-16",20.52,20.533333,19.273333,19.846666,4754061,,,,,
"11-Nov-16",19.846666,20.513333,19.666666,20.4,2380353
"14-Nov-16",21.166666,21.86,20.426666,20.76,3130998
"15-Nov-16",20.973333,21.58,20.766666,20.8,2031069
"16-Nov-16",20.8,21.026666,20.426666,20.46,1415413
"17-Nov-16",20.386666,20.481933,19.76,19.993333,1661542
"18-Nov-16",20.153333,20.28,19.94,20.153333,2040234
"21-Nov-16",20.386666,21.113333,20.26,21.093333,2426788
"22-Nov-16",21.346666,21.6,21.253333,21.393333,2191728
"23-Nov-16",21.333333,21.74,21.14,21.673333,1088884
"25-Nov-16",21.7,22.051733,21.646666,21.926666,520788
"28-Nov-16",21.94,22.16,21.866666,22.06,1147765
"29-Nov-16",22.153333,22.546666,22.116666,22.173333,1821331
"30-Nov-16",22.166666,22.253333,21.74,22.173333,1209375
"01-Dec-16",22.173333,23.226666,22.14,22.46,2982544
"02-Dec-16",22.46,22.8,22.313333,22.373333,884790
"05-Dec-16",22.26,22.693333,22.226666,22.606666,733312
"06-Dec-16",22.54,22.793333,22.44,22.64,1141195
"07-Dec-16",22.72,22.96,22.606666,22.833333,1123780
"08-Dec-16",22.886666,22.953333,22.64,22.68,2124034
"09-Dec-16",22.813333,23.38,22.666666,23.286666,1231603
"12-Dec-16",23.366666,23.666666,23.106666,23.32,1439973
"13-Dec-16",23.333333,23.646666,22.933333,23.553333,836811
"14-Dec-16",23.573333,23.66,22.98,23.14,1117372
"15-Dec-16",23.173333,23.566666,22.953333,23.193333,1037265
"16-Dec-16",23.373333,23.613333,23.033333,23.066666,4321198
"19-Dec-16",23.246666,23.58,23.006666,23.146666,1105176
"20-Dec-16",23.213333,23.506666,23.1,23.473333,973044
"21-Dec-16",23.48,23.713333,23.046666,23.053333,890745
"22-Dec-16",23.006666,23.46,22.86,23.126666,490720
"23-Dec-16",23.086666,23.4,23.06,23.213333,508953
"27-Dec-16",23.153333,23.586666,23.153333,23.466666,364261
"28-Dec-16",23.5,23.546666,23.26,23.426666,351394
"29-Dec-16",23.373333,23.82,23.343333,23.753333,551883
"30-Dec-16",23.713333,24,23.546666,23.953333,851050
"02-Jan-17",,,,,,0.708853
"03-Jan-17",24.126666,24.326666,24.013333,24.286666,972883,0.783795
"04-Jan-17",24.36,24.679933,24.313333,24.546666,1113426,0.722518
"05-Jan-17",24.52,24.646,23.9,24.22,1247259,0.767988
"06-Jan-17",24.16,24.5,24.000666,24.313333,557365,0.800214
"09-Jan-17",24.38,24.64,24.08,24.333333,852547,0.82561
"10-Jan-17",24.36,25.526666,24.253333,25.04,3660843,0.843712
"11-Jan-17",25.166666,25.38,24.546666,25.38,1194301,0.871097
"12-Jan-17",25.313333,25.52,25.033333,25.46,800952
"13-Jan-17",25.493333,26.046666,25.438,25.92,871720
"17-Jan-17",25.953333,26.246666,25.706666,25.72,790333
"18-Jan-17",25.766666,26.24,25.733333,26.14,609438
"19-Jan-17",26.14,26.233333,25.813333,26.033333,522198
"20-Jan-17",26.173333,26.813333,26.106666,26.553333,1214274
"23-Jan-17",26.64,27.026666,26.58,26.833333,920227
"24-Jan-17",26.86,27.68,26.86,27.6,1166235
"25-Jan-17",27.78,28.173333,26.886666,27.246666,2358186
"26-Jan-17",27.333333,27.736666,27.206666,27.646666,1409904
"27-Jan-17",27.64,27.733333,27.226666,27.26,498004
"30-Jan-17",27.333333,27.493333,26.873333,27.346666,830188
"31-Jan-17",27.373333,27.8,27.353333,27.68,827757
"01-Feb-17",27.72,27.966666,27.533333,27.713333,922843
"02-Feb-17",27.753333,27.986666,27.626666,27.746666,589734
"03-Feb-17",27.933333,28.073333,27.466666,27.66,999153
"06-Feb-17",27.673333,28.053333,27.5,27.8,787182,,,,,
"07-Feb-17",27.733333,27.92,27.513333,27.626666,821460
"08-Feb-17",27.66,28,27.506666,27.866666,838525
"09-Feb-17",28.106666,29.026666,28.093333,28.786666,996684
"10-Feb-17",28.993333,29.046666,28.733333,29.046666,627373
"13-Feb-17",29.32,29.901866,29.14,29.713333,1523868
"14-Feb-17",29.5,30.086666,29.386666,30.026666,1316085
"15-Feb-17",29.586666,30.2,29.241333,30.173333,1385329,,,,,
"16-Feb-17",30.053333,30.28,29.75,30.046666,1125486
"17-Feb-17",30.08,30.113333,29.746666,30.093333,746215
"21-Feb-17",30.133333,30.786666,29.82,30.773333,1613703
"22-Feb-17",31.62,31.913333,30.500666,31.833333,1756371
"23-Feb-17",31.826666,31.826666,30.933333,31.58,1391532
"24-Feb-17",31.866666,32.946666,31.38,32.613333,1646347
"27-Feb-17",32.613333,32.653333,32.146666,32.646666,1211509,,,,,
"28-Feb-17",32.546666,32.613333,31.506666,31.74,2163799
"01-Mar-17",31.66,32.793333,31.566666,32.266666,1599390
"02-Mar-17",32.166666,32.166666,31.473333,31.82,1237528
"03-Mar-17",31.64,31.653333,30.886666,31.413333,1416373
"06-Mar-17",31.24,31.266666,30.443333,30.526666,1382208
"07-Mar-17",30.326666,30.333333,29.566666,29.82,1620196
"08-Mar-17",27.806666,28.946666,27.773333,28.72,9767205
"09-Mar-17",28.7,29.3,28.58,29.08,1819350
"10-Mar-17",29.3,29.590933,28.834,29.08,1763944
"13-Mar-17",29.206666,30.026666,29.206666,29.906666,1559431
"14-Mar-17",30.046666,30.11,29.58,29.846666,1497474
"15-Mar-17",30.066666,30.085866,29.3,29.593333,19532055
"16-Mar-17",29.6,29.913333,29.44,29.733333,1569342
"17-Mar-17",29.666666,29.98,29.308266,29.886666,2641044
"20-Mar-17",29.866666,30.246666,29.786666,30.033333,1278009
"21-Mar-17",30.14,30.28,29.633333,29.666666,973512
"22-Mar-17",29.666666,30.62,29.5,30.513333,1131354
"23-Mar-17",30.493333,31.486666,30.436666,30.866666,1056816
"24-Mar-17",30.893333,31.3,30.431266,30.646666,2818203
"27-Mar-17",30.24,30.56,29.880066,30.5,867613
"28-Mar-17",30.433333,30.84,30.24,30.786666,818304
"29-Mar-17",30.66,30.893333,30.413333,30.806666,844485
"30-Mar-17",30.8,30.86,30.52,30.833333,754303
"31-Mar-17",30.813333,31.44,30.746666,30.913333,1937955
"03-Apr-17",30.94,30.986666,30.386666,30.893333,985230
"04-Apr-17",30.74,31.113333,30.2,31.046666,797764
"05-Apr-17",31.186666,31.38,30.873333,30.933333,852189
"06-Apr-17",30.953333,31.34,30.72,31.086666,965859
"07-Apr-17",31.033333,31.533333,30.846666,31.073333,1096372
"10-Apr-17",31.206666,31.54,31.113333,31.326666,806199
"11-Apr-17",31.36,31.993333,31.3,31.84,859242
"12-Apr-17",31.86,31.973333,31.38,31.533333,580557
"13-Apr-17",31.6,32.133333,31.513333,31.866666,994144
"17-Apr-17",31.98,32.686666,31.823333,32.686666,774439
"18-Apr-17",32.66,33.093333,32.513333,32.713333,989980
"19-Apr-17",32.726666,33.08,32.546666,32.613333,1072864
"20-Apr-17",32.733333,32.826666,32.426666,32.586666,567132
"21-Apr-17",32.56,33,32.313333,32.713333,1056567
"24-Apr-17",32.973333,33.213333,32.8,32.8,1266171
"25-Apr-17",33.34,34.04,33.07,33.64,827656,,,,,
"26-Apr-17",33.63,34.32,33.4397,34.12,905936
"27-Apr-17",34.16,34.23,33.85,33.95,818476
"28-Apr-17",33.95,33.99,33.04,33.32,1083607
"01-May-17",33.44,33.48,32.63,33,865556
"02-May-17",32.59,32.83,30.81,32,2579875
"03-May-17",31.88,32.189,31.475,31.68,1013151
"04-May-17",31.8,31.8,30.83,31.29,905923
"05-May-17",30.95,31.97,30.71,31.97,1249616,,,,,
"08-May-17",32.03,32.71,31.89,32.56,1047293
"09-May-17",32.58,32.58,31.6,31.64,1054564
"10-May-17",31.7,32.36,31.59,32.22,644062
"11-May-17",32.09,32.25,31.4935,32.1,629961
"12-May-17",31.99,32.42,31.76,32.37,696208
"15-May-17",32.45,33.1132,32.35,32.95,686359
"16-May-17",32.92,33.22,32.72,33.15,664103
"17-May-17",32.75,33.09,30.0059,30.64,2944822
"18-May-17",30.42,31.21,29.57,31,2110150
"19-May-17",31.01,31.83,30.74,31.2,1137120,,,,,
"22-May-17",31.29,31.35,30.27,30.45,673576
"23-May-17",30.68,31.35,29.81,30.01,989872
"24-May-17",30.1,30.35,29.9,30.22,900100
"25-May-17",30.26,31.28,30.21,31.13,1412742
"26-May-17",31.26,31.26,30.44,30.84,659117
"30-May-17",30.87,31.3,30.42,30.52,965887
"31-May-17",30.56,30.91,29.88,29.94,779637
"01-Jun-17",30.03,30.5,29.8086,30.47,762249
"02-Jun-17",30.56,31.47,30.55,30.92,770071
"05-Jun-17",30.71,31.06,30.39,30.5,472601
"06-Jun-17",30.45,30.85,30.24,30.69,742772
"07-Jun-17",30.65,30.69,29.75,30.38,776951
"08-Jun-17",30.35,31.85,30.03,31.73,1146350
"09-Jun-17",31.77,33.3,31.56,33.3,1507676
"12-Jun-17",33.31,33.4,32.18,32.45,1092209
"13-Jun-17",32.42,32.5,31.49,31.64,949926
"14-Jun-17",31.95,32.07,30.76,30.9,909938
"15-Jun-17",30.72,31.08,30.52,30.73,989597
"16-Jun-17",30.18,30.19,29.47,29.94,2262043
"19-Jun-17",29.95,30.93,29.95,30.9,744270
"20-Jun-17",30.86,30.9,29.7,30.13,638471
"21-Jun-17",30.17,30.68,29.97,30,825784
"22-Jun-17",30.12,30.37,29.76,30.25,651136
"23-Jun-17",30.31,31.04,30.29,30.47,778848
"26-Jun-17",30.66,30.86,30.15,30.41,426913
"27-Jun-17",30.38,30.5699,29.49,29.51,688005
"28-Jun-17",29.75,30.16,29.36,29.89,619868
"29-Jun-17",29.87,29.98,28.88,29.18,557580
"30-Jun-17",29.38,29.8,29.1,29.57,661437
"03-Jul-17",29.62,29.94,29.5,29.84,283598,1.07499
"04-Jul-17",,,,,,1.075516
"05-Jul-17",29.77,30.35,29.61,29.97,512869,1.064223
"06-Jul-17",29.8,29.8,28.87,28.92,592803,1.097988
"07-Jul-17",28.96,29.6975,28.96,29.5,697396,1.236211
"10-Jul-17",29.48,29.84,29,29.02,663955,1.200457,,,,
"11-Jul-17",29.11,29.22,28.64,29.02,479982,1.236212
"12-Jul-17",29.41,30.11,29.41,30,536618,1.209416
"13-Jul-17",29.99,30.24,29.76,29.93,576816,1.142424
"14-Jul-17",30.22,31,30.13,30.63,668779,1.013427
"17-Jul-17",30.62,31.03,30.32,30.8,521150,0.975606
"18-Jul-17",30.75,30.8,30.21,30.24,802773,0.982772
"19-Jul-17",29.86,30.217,29.73,29.99,620130,1.013286,,,,
"20-Jul-17",30.19,30.37,29.92,30.19,751441,1.219762
"21-Jul-17",30.47,30.48,29.55,29.99,573441,1.318205
"24-Jul-17",30,30.23,29.62,29.97,721452,1.142667
"25-Jul-17",30.04,30.75,29.94,30.3,1213798,1.061964
"26-Jul-17",30.33,30.63,30.13,30.25,722346,0.934168
"27-Jul-17",30.28,30.42,29.6729,29.95,560180,0.930403
"28-Jul-17",29.9,29.99,29.17,29.62,477415,0.65782,,,,
"31-Jul-17",29.77,29.77,29.26,29.35,753051,0.711708
"01-Aug-17",29.5,29.72,29.3693,29.39,381272,0.816993
"02-Aug-17",29.38,29.38,28.12,28.26,572740,0.979201
"03-Aug-17",28.27,28.62,28.07,28.18,550728,1.039005
"04-Aug-17",28.22,28.43,27.97,28.06,601832,1.055142
"07-Aug-17",27.75,27.75,25.685,26.02,2516264,1.051144
"08-Aug-17",25.78,27.32,25,27.02,1775828,0.981832
"09-Aug-17",26.82,27.17,26.205,26.66,1110532,0.965102
"10-Aug-17",26.12,26.74,25.95,26.26,1207118
"11-Aug-17",26,26.99,25.96,26.86,1219113
"14-Aug-17",26.93,27.42,26.83,27.09,1525038
"15-Aug-17",26.95,27.43,26.92,27.2,1072045
"16-Aug-17",27.25,27.41,26.3,26.34,911800
"17-Aug-17",26.1,26.27,25.21,25.3,854612
"18-Aug-17",25.07,25.5,24.97,25.16,733219
"21-Aug-17",25.08,25.41,24.72,25.29,509006
"22-Aug-17",25.35,25.91,25.05,25.73,789783
"23-Aug-17",25.6,25.67,25.42,25.51,518825
"24-Aug-17",25.61,25.85,25.35,25.37,468941
"25-Aug-17",25.49,25.88,25.28,25.74,731980
"28-Aug-17",25.81,26.5,25.74,26.45,1260419
"29-Aug-17",26.17,27.13,26,26.93,948956
"30-Aug-17",26.88,27.22,26.45,27.15,863654
"31-Aug-17",27.25,27.78,27.09,27.64,921896
"01-Sep-17",27.66,27.95,27.46,27.46,694536
"05-Sep-17",27.5,27.57,26.93,27.02,604070
"06-Sep-17",27.18,27.65,27.14,27.33,675989
"07-Sep-17",27.39,27.56,26.9793,27.2,507624
"08-Sep-17",27.16,27.59,26.91,27.36,493830
"11-Sep-17",27.58,27.9,26.81,26.84,614270
"12-Sep-17",26.84,26.94,26.33,26.55,629609
"13-Sep-17",26.52,26.76,26.32,26.52,503718
"14-Sep-17",26.48,26.51,26.09,26.23,436269
"15-Sep-17",26.31,26.64,26.1,26.61,1159263
"18-Sep-17",26.6,27.02,26.6,26.79,473477
"19-Sep-17",26.81,26.94,25.85,25.94,775272
"20-Sep-17",25.94,26.3,25.7501,26.03,857967
"21-Sep-17",26.03,26.12,25.5,25.51,588242
"22-Sep-17",25.59,25.94,25.53,25.64,612405
"25-Sep-17",25.69,26.15,25.5201,26.11,543780
"26-Sep-17",26.17,26.32,25.59,25.6,436880
"27-Sep-17",25.64,26.4,25.39,26.4,649300
"28-Sep-17",26.37,26.71,25.91,26.67,574244
"29-Sep-17",26.64,27.08,26.47,26.9,524804
"02-Oct-17",26.98,26.985,26.34,26.45,566717,2.050849,0.6167
"03-Oct-17",26.56,26.77,26.28,26.42,449923,2.052927,0.586
"04-Oct-17",26.39,26.52,26.1,26.31,280975,2.051826,0.5793
"05-Oct-17",26.35,27.05,26.33,26.75,545412,2.031953,0.5706
"06-Oct-17",26.54,26.59,25.88,25.9,569714,2.103494,0.5724
"09-Oct-17",26.04,26.19,25.89,26,384297,2.11085,0.5724
"10-Oct-17",26.19,26.44,25.95,26.18,593107,2.028278,0.5751
"11-Oct-17",26.2,26.43,25.965,26.07,770076,1.865179,0.5773
"12-Oct-17",26.08,26.54,25.88,26.22,796332,1.666533,0.5711,,,
"13-Oct-17",26.34,26.34,25.75,26.1,463237,2.021296,0.5538
"16-Oct-17",26.09,26.305,25.91,25.94,383500,1.56084,0.5682
"17-Oct-17",25.89,27.44,25.67,26.76,1857222,1.457843,0.5713
"18-Oct-17",26.79,27.09,26.07,26.22,1014484,1.322009,0.599
"19-Oct-17",26.21,26.47,25.8,26.47,719392,1.313389,0.607
"20-Oct-17",26.17,26.365,25.87,26.2,603534,1.750788,0.5595,,,
"23-Oct-17",26.24,26.25,25.82,26,522390,1.653527,0.5613
"24-Oct-17",25.98,26.04,24.73,25.07,902621,1.004191,0.6107
"25-Oct-17",24.89,25.47,24.81,25.2,727005,0.87157,0.7074
"26-Oct-17",25.3,25.77,25.22,25.47,512459,0.816138,0.7288
"27-Oct-17",25.45,25.89,25.206,25.75,624370,0.868478,0.7284
"30-Oct-17",25.59,25.6322,24.89,25.29,1515261,0.880437,0.7328,,,
"31-Oct-17",25.7,26.39,24.55,25.95,1375384,0.797066,0.724
"01-Nov-17",26.12,26.32,25.42,25.89,1126963,0.891505,0.7148
"02-Nov-17",25.89,26.14,25.63,25.64,597707,0.866397,0.7071
"03-Nov-17",25.58,26.005,25.53,25.66,584990,1.072795,0.7279
"06-Nov-17",25.65,26.26,25.65,26.19,627234,1.040084,0.7207
"07-Nov-17",26.19,26.6735,26.16,26.57,636205,1.000482,0.7074
"08-Nov-17",26.53,27.19,26.405,27.12,548946,1.204529,0.709
"09-Nov-17",26.9,27.38,26.82,26.93,465746,1.057706,0.7022
"10-Nov-17",26.8,26.88,26.28,26.58,699704,1.067996,0.7034
"13-Nov-17",26.5,26.58,26.14,26.19,477836,1.069914,0.6996
"14-Nov-17",26.04,26.089,25.02,25.07,895919,1.237565,0.6829
"15-Nov-17",24.87,25.28,24.81,25.08,543165,1.223049,0.6805
"16-Nov-17",25.2,25.8,25.13,25.78,450048,1.229634,0.6963
"17-Nov-17",25.6,25.92,25.56,25.71,440764,1.220114,0.686
"20-Nov-17",25.77,25.9976,25.66,25.79,366724,1.184012,0.6893
"21-Nov-17",25.96,26,25.7,25.86,382264,1.09687,0.6933
"22-Nov-17",25.81,26.1601,25.7,26.06,349237,1.135598,0.6891
"23-Nov-17",,,,,,1.200971,0.684
"24-Nov-17",26.18,26.18,25.89,26,206770,1.227594,0.6854
"27-Nov-17",25.99,26.45,25.86,26.3,477079,1.163002,0.6906
"28-Nov-17",26.33,27.06,26.26,26.99,609531,1.182578,0.6889
"29-Nov-17",26.97,27.1,26.51,26.55,555081,1.284647,0.6922
"30-Nov-17",26.72,26.9,26.44,26.54,596922,1.21291,0.6894
"01-Dec-17",26.59,26.75,25.4,25.83,824145,1.16387,0.6862
"04-Dec-17",26.13,26.2,25.46,25.68,1061057,1.142582,0.6886
"05-Dec-17",25.74,25.85,25.08,25.1,692546,1.074739,0.6887
"06-Dec-17",25.05,25.32,24.63,24.65,580107,1.02063,0.6915
"07-Dec-17",24.63,24.72,24.26,24.49,735423,0.953088,0.6782
"08-Dec-17",24.56,24.66,24.28,24.48,482832,0.910576,0.6775
"11-Dec-17",24.36,24.51,23.88,23.9,1012741,0.937,0.6614
"12-Dec-17",23.79,23.94,23.17,23.59,1370342,0.955843,0.6825
"13-Dec-17",23.57,23.98,23.51,23.68,918180,0.930801,0.6659
"14-Dec-17",23.7,23.79,23.06,23.07,998017,0.761035,0.6467
"15-Dec-17",23.1,24.2,23.06,23.78,2222400,0.604661,0.6534
"18-Dec-17",23.91,24.225,23.84,24,866490,0.608855,0.6688
"19-Dec-17",23.94,23.95,23.305,23.48,722702,0.517035,0.6762
"20-Dec-17",23.63,24.0225,23.39,23.39,628720,0.475203,0.6919
"21-Dec-17",23.45,23.7,23.33,23.55,377322,0.480681,0.6885
"22-Dec-17",23.55,23.72,23.38,23.57,418210,0.507658,0.6392
"25-Dec-17",,,,,,0.510909,0.6386
"26-Dec-17",23.5,23.73,23.41,23.46,335620,0.48549,0.6399
"27-Dec-17",23.51,23.64,23.21,23.43,734406,0.437562,0.6383
"28-Dec-17",23.47,23.68,23.27,23.6,750408,0.428455,0.6319
"29-Dec-17",23.61,23.8898,23.38,23.6,692257,0.434252,0.6208
"01-Jan-18",,,,,,0.432538,0.6208
"02-Jan-18",23.55,24.13,23.55,24.07,803743,0.368825,0.6263
"03-Jan-18",24.06,24.4,23.735,23.78,628458,0.305945,0.6079
"04-Jan-18",23.93,23.93,23.1,23.14,823986,0.294905,0.5894
"05-Jan-18",23.19,23.4,22.78,23.38,705113,0.329607,0.5317
"08-Jan-18",23.44,24.37,23.4,24.16,737008,0.300762,0.5143
"09-Jan-18",24.2,24.36,23.56,23.59,861792,0.301172,0.6298
"10-Jan-18",23.52,23.57,22.73,22.76,1079717,0.245962,0.7513
"11-Jan-18",22.8,23.11,22.71,23.03,1139969,0.23039,0.4972
"12-Jan-18",22.99,23.02,22.58,22.7,707825,0.188672,0.4618
"15-Jan-18",,,,,,0.187747,0.4618
"16-Jan-18",22.86,23.5,22.8,22.88,1558415,0.165209,0.4705
"17-Jan-18",22.95,22.97,22.56,22.63,580286,0.171479,0.4814
"18-Jan-18",22.62,22.63,22.11,22.15,691217,0.241777,0.5005
"19-Jan-18",22.69,22.69,22.04,22.22,841787,0.18764,0.4639
"22-Jan-18",22.2,22.4572,22.08,22.4,542378,0.172484,0.5013
"23-Jan-18",22.4,22.4,22.03,22.22,642402,0.07819,0.7271
"24-Jan-18",22.31,22.93,22.2,22.72,943760,0.078289,0.8631
"25-Jan-18",22.73,22.8,22.31,22.8,547379,0.077805,0.8722
"26-Jan-18",22.93,23.68,22.345,23.48,1867036,0.144865,0.7982
"29-Jan-18",23.31,23.34,22.54,22.65,1085759,0.138043,0.7836
"30-Jan-18",22.52,22.73,22.36,22.59,639930,0.182948,0.8205
"31-Jan-18",22.74,22.85,22.53,22.55,735797,0.113549,0.6642
"01-Feb-18",22.49,22.59,22.16,22.28,581895,0.112647,0.5494
"02-Feb-18",22.05,22.13,21.46,21.61,750067,0.179903,0.569
"05-Feb-18",21.39,21.42,20.11,20.59,1489957,0.138476,0.6782,,,
"06-Feb-18",20.08,20.6,19.73,19.8,2205097,0.238117,0.6343
"07-Feb-18",19.8,20.12,19.52,19.79,1569882,0.273398,0.6936
"08-Feb-18",19.74,20.48,19.57,20.04,1736143,0.243034,0.6163
"09-Feb-18",20.35,20.35,19.55,20.19,1280371,0.295022,0.6174
"12-Feb-18",20.21,20.42,19.42,19.94,1070283,0.377371,0.5619
"13-Feb-18",19.95,20.385,19.86,20.26,1039036,0.51921,0.6232
"14-Feb-18",20.75,21.26,19.98,20.07,1999752,0.488232,0.5867
"15-Feb-18",19.6,20.14,19.05,19.98,1096480,0.390955,0.5863,,,
"16-Feb-18",20,20.39,20,20.11,969284,0.542397,0.5832
"19-Feb-18",,,,,,0.532271,0.5794
"20-Feb-18",20.06,21.3,20.05,20.78,1508699,0.328174,0.5476
"21-Feb-18",20.78,21.2727,20.55,21.04,1202682,0.271397,0.5995
"22-Feb-18",21.11,21.59,21.0968,21.34,1264863,0.308215,0.5814
"23-Feb-18",21.89,22.02,21.55,21.99,1317076,0.421311,0.5873
"26-Feb-18",22,22.2599,21.73,22.1,1030392,0.507405,0.5881
"27-Feb-18",22.17,22.28,21.37,21.38,1299329,0.615281,1.667,,,
"28-Feb-18",21.43,21.69,21.29,21.3,1356609,0.38235,0.5591
"01-Mar-18",21.26,22.14,21.22,21.86,1254748,0.400386,0.5993
"02-Mar-18",21.59,22.1,21.55,21.99,1631917,0.554091,0.7519
"05-Mar-18",21.88,22.26,21.795,22.08,1330198,0.782671,0.6886
"06-Mar-18",22.08,22.66,22.05,22.23,790426,1.120773,0.4775
"07-Mar-18",22.15,22.4,22.05,22.18,801811,0.957495,0.5064
"08-Mar-18",22.19,22.21,21.62,21.68,660640,1.003556,0.5064
"09-Mar-18",21.7,22.17,21.44,22.09,757609,0.771231,0.4921
"12-Mar-18",22.11,22.55,22.1,22.46,576066,0.669042,0.5422
"13-Mar-18",22.52,22.726,22.09,22.15,549110,0.63312,0.5348
"14-Mar-18",22.15,22.21,21.68,21.75,620852,0.746255,0.5356
"15-Mar-18",21.78,21.9,21.58,21.67,681780,0.73591,0.5357
"16-Mar-18",21.71,21.95,21.59,21.85,1458726,0.964987,0.5488
"19-Mar-18",21.8,21.8,20.6,20.86,924773,0.885275,0.5494
"20-Mar-18",20.87,21.08,20.67,20.86,568262,0.886956,0.5682
"21-Mar-18",20.85,21.1499,20.78,20.89,790232,0.916685,0.5679
"22-Mar-18",20.77,21.14,20.77,20.85,654469,1.01507,0.5691
"23-Mar-18",20.82,21,20.4,20.41,863481,0.971807,0.7166
"26-Mar-18",20.57,20.66,19.85,20.07,749700,1.030598,0.5578
"27-Mar-18",20.13,20.25,19.76,19.89,1574707,1.132726,0.5583
"28-Mar-18",20,20.54,19.865,20.42,889537,1.151639,0.5665
"29-Mar-18",20.56,21.06,20.46,20.47,764845,0.973161,0.5581
"30-Mar-18",,,,,,0.968187,0.5581
"02-Apr-18",20.47,20.56,19.46,19.65,714137,0.870115,0.5596
"03-Apr-18",19.67,20.415,19.67,20.26,785881,0.871554,0.5576
"04-Apr-18",19.98,20.98,19.9001,20.93,569304,0.718627,0.5523
"05-Apr-18",20.94,21.54,20.92,21.49,880032,0.671273,0.551
"06-Apr-18",21.4,21.9,21.4,21.51,845748,0.625042,0.552
"09-Apr-18",21.54,21.71,21.18,21.53,850720,0.647713,0.5734
"10-Apr-18",21.78,22.095,21.59,21.93,782539,0.764732,0.5683
"11-Apr-18",21.86,22.11,21.716,21.85,493791,0.784724,0.5675,,,
"12-Apr-18",21.97,21.99,21.63,21.87,534751,0.84285,0.5797
"13-Apr-18",21.93,21.9619,21.55,21.67,378314,0.907897,0.5824
"16-Apr-18",21.79,21.93,21.65,21.87,587128,0.930129,0.5742
"17-Apr-18",21.99,22.32,21.92,22.21,504613,0.871451,0.5831
"18-Apr-18",22.29,22.48,22.16,22.22,309936
"19-Apr-18",22.17,22.2468,21.77,22.08,520885,0.885141,0.5721
"20-Apr-18",21.65,21.87,21.31,21.43,467376,1.11935,0.5788,,,
"23-Apr-18",21.5,21.61,21.351,21.59,317699,0.920929,0.5761
"24-Apr-18",21.74,21.81,21.36,21.6,634043,0.86678,0.5855
"25-Apr-18",21.52,21.91,21.48,21.91,441819,0.833192,0.5568
"26-Apr-18",21.8,22.19,21.09,22.01,691689,0.693374,0.5493
"27-Apr-18",22.16,23.08,22.1302,22.79,778207,0.708075,0.5495
"30-Apr-18",22.9,22.95,22.49,22.5,785524,0.752432,0.5519
"01-May-18",22.44,23.72,22.44,23.69,1043979,0.790841,0.5574
"02-May-18",23.56,24.3,22.95,24.2,1604418,0.790055,0.569
"03-May-18",24.14,25.09,24.14,24.95,2340902,0.857653,0.5765,,,
"04-May-18",24.92,25.07,24.61,24.92,1557081,0.999894,0.5779
"07-May-18",24.92,25.14,24.75,25,1126621,1.076597,0.5934
"08-May-18",25.05,25.06,24.32,24.42,725702,1.122994,0.6039
"09-May-18",24.43,24.43,23.73,23.8,1034936,0.838471,0.5947
"10-May-18",23.91,24.11,23.8,24.04,741870,0.733449,0.5453
"11-May-18",24.09,24.23,23.66,23.87,596560,0.641153,0.5405
"14-May-18",23.9,24.11,23.52,23.65,720674,0.643895,0.5333
"15-May-18",23.46,23.5674,23.18,23.29,1011366,0.612771,0.5367
"16-May-18",23.38,23.85,23.38,23.63,975525,0.52504,0.5462
"17-May-18",23.6,23.66,23.46,23.5,768193,0.493747,0.5433
"18-May-18",23.59,24.02,23.42,23.86,764213,0.575587,0.5386
"21-May-18",23.97,24.31,23.89,24.23,636427,0.669975,0.5382
"22-May-18",24.3,24.34,24.12,24.16,519171,0.760596,0.5589
"23-May-18",24.16,24.46,24.16,24.39,473673,0.726942,0.5499
"24-May-18",24.4,24.43,24.06,24.2,501636,0.853913,0.5717
"25-May-18",24.11,24.46,24.11,24.46,461401
"28-May-18",,,,,,0.871309,0.5717
"29-May-18",24.39,24.85,24.39,24.82,584701,0.903143,0.5824
"30-May-18",24.88,25.25,24.77,25.19,687855,0.917897,0.5752
"31-May-18",25.17,25.3,24.785,24.8,951217,0.966688,0.558
"01-Jun-18",24.81,25.37,24.74,25,825577,0.990729,0.555
"04-Jun-18",25.12,25.18,24.9,25.18,684592,1.001598,0.5578
"05-Jun-18",25.24,25.57,25.19,25.25,539564
"06-Jun-18",25.14,25.3,24.81,24.98,583331,1.129052,0.5655
"07-Jun-18",25.04,25.23,24.92,25.09,523434,1.040506,0.5637
"08-Jun-18",25.05,25.28,24.94,24.97,507747,1.024818,0.5649
"11-Jun-18",24.97,25.16,24.9,25.15,657372,0.853926,0.543
"12-Jun-18",25.16,25.45,24.9,24.91,599969,0.693433,0.5601
"13-Jun-18",24.91,25.03,24.3087,24.7,649455,0.948465,0.5456
"14-Jun-18",24.78,25.0349,24.56,24.94,687547,0.865828,0.5428
"15-Jun-18",24.94,25.56,24.84,24.96,1436836,0.756152,0.5762
"18-Jun-18",24.88,25.105,24.71,25.05,431176,0.764695,0.5545
"19-Jun-18",24.99,25.23,24.9,25.08,813498,0.617848,0.5594
"20-Jun-18",25.09,25.66,24.92,25.53,621206
"21-Jun-18",25.49,26.13,25.35,26.06,515718,0.527237,0.5756
"22-Jun-18",26.12,26.59,25.99,26.48,1132842,0.571727,0.5695
"25-Jun-18",26.45,26.67,26.26,26.57,573252,0.516465,0.5678
"26-Jun-18",26.6,27.08,26.44,26.46,542039
"27-Jun-18",26.52,26.68,26.15,26.44,460558,0.447189,0.5638
"28-Jun-18",26.44,27.29,26.42,27.26,633129,0.402057,0.5727
"29-Jun-18",27.22,28.06,26.95,27.54,1067614
"02-Jul-18",27.42,27.645,26.62,26.85,915885,0.447425,0.6046
"03-Jul-18",26.99,26.99,26.34,26.6,819396,0.400693,0.5981
"04-Jul-18",,,,,,0.401066,0.5962
"05-Jul-18",26.59,26.62,26.23,26.59,967414,0.374638,0.5835
"06-Jul-18",26.68,26.965,26.51,26.58,971268,0.60734,0.665
"09-Jul-18",26.7,26.74,25.83,26.08,1232215,0.38624,0.5789
"10-Jul-18",26.2,26.445,26.04,26.4,803361,0.382782,0.538,,,
"11-Jul-18",26.36,26.9498,26.29,26.71,647022,0.382263,0.5202
"12-Jul-18",26.81,27.22,26.47,27.16,655167,0.363273,0.5342
"13-Jul-18",27.2,27.54,27.12,27.3,832761,0.397889,0.5586
"16-Jul-18",27.3,27.36,26.52,26.79,1015815
"17-Jul-18",26.85,27.06,26.64,26.64,792730,0.393473,0.4882
"18-Jul-18",26.59,26.66,26.17,26.23,886201
"19-Jul-18",25.77,26.28,25.42,26.19,724663,,,,,
"20-Jul-18",26.24,26.45,26.05,26.09,564061,0.250258,0.598
"23-Jul-18",26.09,26.21,25.8,25.92,365471,0.421841,0.4341
"24-Jul-18",25.93,25.94,25.38,25.41,525883,0.417047,0.4042
"25-Jul-18",25.41,25.85,25.41,25.52,712367,0.379733,0.4053
"26-Jul-18",25.61,26.19,25.57,25.85,523365,0.368353,0.4069
"27-Jul-18",25.88,26.01,25.48,25.67,492913,0.383894,0.4001,,,
"30-Jul-18",25.68,26.06,25.565,25.7,452604,0.383968,0.399
"31-Jul-18",25.9,26.3,25.79,25.88,982972
"01-Aug-18",25.78,25.86,25.01,25.65,753317,0.387368,0.4086
"02-Aug-18",25.75,25.75,24.02,25.18,896931,0.364341,0.4457
"03-Aug-18",25.2,25.94,25.11,25.16,548842
"06-Aug-18",25.15,25.46,24.83,25.34,1160575,0.45956,0.4598
"07-Aug-18",25.36,26.025,25.17,25.65,833759,0.445645,0.4411
"08-Aug-18",25.65,25.96,25.53,25.68,641203,0.470532,0.4655
"09-Aug-18",25.67,25.78,25.3907,25.5,911782,0.48856,0.4653
"10-Aug-18",25.39,25.7,25.24,25.25,645175,0.276076,0.604
"13-Aug-18",25.28,25.63,25.19,25.26,762652,0.233423,0.5939
"14-Aug-18",25.31,25.4,24.95,25.07,976782,0.234251,0.5792
"15-Aug-18",25.02,25.02,24.6,24.79,807269,0.226831,0.5529
"16-Aug-18",24.84,25.26,24.76,25.04,579964,0.182231,0.6145
"17-Aug-18",25.06,25.45,24.99,25.37,1127064,0.194822,0.6003
"20-Aug-18",25.4,25.72,24.95,25,626263,0.187301,0.5973
"21-Aug-18",25.01,25.4525,24.95,25.25,748767,0.176608,0.5939
"22-Aug-18",25.21,25.56,25.05,25.4,561195,0.175787,0.5938
"23-Aug-18",25.39,25.59,25,25.04,695648,0.181176,0.5603
"24-Aug-18",25.03,25.14,24.87,25.04,513120,0.202854,0.5756
"27-Aug-18",25.07,25.2,25.04,25.1,448467,0.185939,0.624
"28-Aug-18",25.18,25.63,24.95,25.57,592588,0.186758,0.665
"29-Aug-18",25.61,25.77,25.43,25.45,650505,0.193518,0.6954
"30-Aug-18",25.46,25.61,25.23,25.45,371906,0.188035,0.7256
"31-Aug-18",25.42,25.47,25.12,25.37,555887,0.191459,0.6257
"03-Sep-18",,,,,,0.192835,0.6257
"04-Sep-18",25.31,25.46,24.89,25.16,622576,0.171879,0.6386
"05-Sep-18",25.14,25.62,25.02,25.47,528559,0.207563,0.6821
"06-Sep-18",25.49,25.84,25.3,25.76,524968,0.269679,0.6371
"07-Sep-18",25.71,25.75,24.75,24.95,581094,0.273054,0.6601
"10-Sep-18",25.01,25.175,24.515,24.75,608301,0.22929,0.6817
"11-Sep-18",24.69,24.71,24.44,24.64,414330,0.203614,0.7483
"12-Sep-18",24.64,25.095,24.51,25.06,504872
"13-Sep-18",25.23,25.42,24.92,25.37,430578,0.237946,0.6003
"14-Sep-18",25.37,25.58,25.2,25.24,445696,0.249206,0.5886
"17-Sep-18",25.19,25.48,25.05,25.48,436932,0.272995,0.5904
"18-Sep-18",25.45,25.67,25.33,25.39,330519,0.243514,0.5741
"19-Sep-18",25.39,25.43,24.885,24.97,457482,0.440973,0.5745
"20-Sep-18",25.06,25.45,24.78,25.43,551419,0.356528,0.5716
"21-Sep-18",25.36,25.545,24.949,25.03,1368278,0.316253,0.5775
"24-Sep-18",25,25,24.47,24.86,419285,0.202927,0.5672
"25-Sep-18",24.86,24.9,24.61,24.66,279839,0.192106,0.5794
"26-Sep-18",24.68,24.73,24.32,24.32,271654,0.114431,0.5279
"27-Sep-18",24.44,24.7,24.4,24.53,231775,0.115098,0.5483
"28-Sep-18",24.55,25.245,24.53,25.16,723079,0.11411,0.5427
"01-Oct-18",25.2,25.2,24.51,24.52,464450,0.098,0.52
"02-Oct-18",24.57,24.665,24.36,24.56,446596,0.09789,0.5116
"03-Oct-18",24.62,24.8,24.31,24.39,463293,0.166101,0.5832
"04-Oct-18",24.27,24.3,23.98,24.26,396029,0.150875,0.612
"05-Oct-18",24.3,24.46,23.98,24.06,346868,0.151944,0.6383
"08-Oct-18",24.11,24.77,24.11,24.41,389992,0.155314,0.6383
"09-Oct-18",24.36,24.74,24.21,24.69,858445,0.160207,0.5772
"10-Oct-18",24.61,25.22,24.36,24.39,599179,0.23031,0.5723
"11-Oct-18",24.3,24.3762,23.58,23.59,619428,0.230861,0.5942
"12-Oct-18",23.85,23.85,22.6101,22.74,997984,0.229697,0.5627
"15-Oct-18",22.75,23.11,22.75,22.93,581752,0.201653,0.5594,,,
"16-Oct-18",23.07,23.86,22.7,23.74,769955,0.20092,0.5623
"17-Oct-18",23.66,24.1,23.52,23.74,461434,0.222543,0.6365
"18-Oct-18",23.69,24.14,23.48,23.68,667079,0.101791,0.5449
"19-Oct-18",23.66,24.17,23.65,24.08,709189,0.381441,0.4384
"22-Oct-18",24.21,24.56,24.1,24.42,601680,0.211183,0.5118
"23-Oct-18",24.23,24.89,24.18,24.73,584345,0.178766,0.517
"24-Oct-18",24.75,25.1,24.7,24.74,702208,0.297187,0.5913
"25-Oct-18",24.26,24.36,23.83,23.9,808205,0.302252,0.5827,,,
"26-Oct-18",23.82,23.92,22.83,23.15,543275
"29-Oct-18",23.37,23.69,22.84,23,497972
"30-Oct-18",23.01,23.41,22.83,23.01,446959
"31-Oct-18",23.08,23.18,22.08,22.11,768018
"01-Nov-18",22.04,22.54,21.81,22.28,500511
"02-Nov-18",22.29,22.39,21.53,22.24,737556,,,,,
"05-Nov-18",22.34,23.25,22.34,22.99,625067,0.21995,0.4824
"06-Nov-18",22.99,23.025,22.02,22.69,781924,0.207868,0.5305
"07-Nov-18",22.88,23.27,21.76,21.99,785887,0.142392,0.425
"08-Nov-18",21.79,22.1,21.59,22.1,574537,0.167275,0.5126
"09-Nov-18",22.08,22.32,21.8999,21.94,507010,0.17502,0.493
"12-Nov-18",21.97,22.74,21.97,22.67,658459,0.176376,0.493
"13-Nov-18",22.78,22.98,22.295,22.32,439842,0.330066,0.4989
"14-Nov-18",22.42,22.69,21.69,21.99,703331,0.568183,0.5259
"15-Nov-18",22,22.31,21.6,22.3,980132,0.534314,0.5315
"16-Nov-18",22.23,22.7,22.05,22.5,927005,0.692502,0.5673
"19-Nov-18",22.45,22.67,22.1099,22.37,515041,0.954994,0.5566
"20-Nov-18",22.3,22.48,21.98,22,381410,1.095525,0.5661
"21-Nov-18",21.96,22.56,21.775,22.26,349023,1.136278,0.5792
"22-Nov-18",,,,,,1.175316,0.5796
"23-Nov-18",22.16,22.81,21.96,22.64,302758,1.238071,0.5772
"26-Nov-18",22.71,23.12,22.38,23.1,603034,1.265096,0.5774
"27-Nov-18",23.18,23.19,22.5,22.55,572898,1.480063,0.5665
"28-Nov-18",22.53,23.37,22.4,23.15,522348,1.317833,0.5682
"29-Nov-18",23.06,23.405,22.77,23.19,391517,1.456718,0.5732
"30-Nov-18",23.15,23.31,22.96,23.24,891963,1.574617,0.5726
"03-Dec-18",23.34,23.82,22.99,23.8,503435,1.665381,0.576
"04-Dec-18",23.8,23.82,22.53,22.61,630616,1.405212,0.5953
"05-Dec-18",,,,,,1.35464,0.5818
"06-Dec-18",22.49,23.41,22.2427,23.41,688601,1.399608,0.5848
"07-Dec-18",23.32,23.32,22.79,23.03,459209,1.420162,0.5848
"10-Dec-18",23.12,23.23,22.75,23.02,526887,1.316398,0.5865
"11-Dec-18",23.18,23.42,22.7,22.79,513767,1.492289,0.577
"12-Dec-18",22.98,23.27,22.53,22.61,573175,1.64514,0.5835
"13-Dec-18",22.55,23.05,22.49,22.8,533888,1.704454,0.5888
"14-Dec-18",22.64,22.8,22.33,22.48,481283,1.56701,0.5832
"17-Dec-18",22.52,22.625,21.5,21.7,938512,1.558169,0.5861
"18-Dec-18",21.96,22.58,21.78,22,851120,1.587987,0.5826
"19-Dec-18",22,22,20.63,20.73,935744
"20-Dec-18",20.7,20.95,20,20.6,1118365,1.691093,0.6698
"21-Dec-18",20.53,20.8899,19.49,19.61,2159051,1.886195,0.5807
"24-Dec-18",19.53,19.56,18.92,18.94,350798
"25-Dec-18",,,,,,1.96402,0.5941
"26-Dec-18",19,19.58,18.56,19.57,558581
"27-Dec-18",19.38,19.49,18.43,18.97,1079239
"28-Dec-18",18.97,19.5,18.82,19.32,809100
"31-Dec-18",19.43,19.73,19.12,19.7,674349,1.402927,0.5636
"02-Jan-19",19.41,19.645,19.12,19.32,558982
"03-Jan-19",19.3,19.51,19.09,19.19,559767
"04-Jan-19",19.25,19.92,19.21,19.77,640088
"07-Jan-19",19.79,20.12,19.64,19.98,439593,1.536014,0.5353
"08-Jan-19",20.17,20.76,20.165,20.76,382779,1.522397,0.5387
"09-Jan-19",20.83,21.19,20.62,21.17,391386,1.455728,0.5279
"10-Jan-19",21.15,21.995,21.07,21.8,528806,1.439925,0.5199
"11-Jan-19",21.77,22.12,21.59,21.98,517474,1.453271,0.5156
"14-Jan-19",21.76,21.86,21.22,21.3,758577,1.464892,0.5158
"15-Jan-19",21.39,21.61,21.16,21.6,358564,1.552943,0.5223
"16-Jan-19",21.6,22.11,21.6,22.1,296087,1.519254,0.5255
"17-Jan-19",21.93,22.22,21.82,22.16,522974,1.562153,0.5487
"18-Jan-19",22.25,22.4292,22.04,22.29,444194,1.50267,0.5407
"21-Jan-19",,,,,,1.494313,0.5402
"22-Jan-19",22.17,22.24,21.98,22.2,491939,1.473083,0.5339
"23-Jan-19",22.24,22.41,21.89,22.11,292121,1.417378,0.5216
"24-Jan-19",22.08,22.36,21.98,22.25,267866,1.367932,0.5448
"25-Jan-19",22.38,22.54,21.99,22.14,307578,1.280398,0.5294
"28-Jan-19",22,22.38,21.87,22.33,281059,1.316971,0.5592
"29-Jan-19",22.36,22.575,22.16,22.54,333550,1.202956,0.5461
"30-Jan-19",22.6,22.75,22.3,22.43,349715,1.230676,0.5529
"31-Jan-19",22.44,22.79,22.26,22.55,1184581,1.228641,0.5421
"01-Feb-19",22.64,22.7175,22.06,22.61,371195,1.929716,0.5605
"04-Feb-19",22.72,22.77,22.38,22.76,410851,0.89182,0.602,,,
"05-Feb-19",22.75,23.21,22.71,23.2,466620,1.072383,0.5906
"06-Feb-19",23.25,23.34,23.07,23.3,360961,1.099797,0.5962
"07-Feb-19",23.21,23.5,23.12,23.43,401800,1.313228,0.601
"08-Feb-19",23.32,23.66,23.195,23.65,356552,1.375341,0.597
"11-Feb-19",23.65,23.75,23.43,23.64,421649,1.567369,0.5942
"12-Feb-19",23.75,23.76,23.31,23.35,439556,1.518525,0.5906
"13-Feb-19",23.38,23.67,23.35,23.58,486921,1.491526,0.5982
"14-Feb-19",23.51,23.58,22.77,22.93,1021947,2.002283,0.6063,,,
"15-Feb-19",22.48,22.67,22.12,22.55,973220,2.169537,0.6013,1956678
"18-Feb-19",,,,,,2.215496,0.6013
"19-Feb-19",22.32,22.76,22.25,22.73,500314,2.161889,0.6149
"20-Feb-19",22.73,23.01,22.625,22.81,569169,1.624261,0.6224
"21-Feb-19",22.78,22.94,22.5,22.87,415340,1.71995,0.6202
"22-Feb-19",22.96,23.49,22.871,23.44,608373,1.959579,0.6052,,,
"25-Feb-19",23.54,23.63,23.14,23.25,381093,2.093029,0.6109
"26-Feb-19",23.3,23.3763,22.88,23.12,350963,2.383495,0.6123
"27-Feb-19",22.96,23.12,22.73,22.87,521835,2.349052,0.6169,,2077209.3648
"28-Feb-19",22.87,22.87,22.52,22.72,812556,2.216472,0.6223,2006060,1973114.0952
"01-Mar-19",22.83,22.83,22.29,22.68,541872,2.009932,0.617,,1783903.3326
"04-Mar-19",22.75,23.07,22.61,22.93,620650,2.057375,0.6178,,1832233.2792
"05-Mar-19",22.93,23.0165,22.82,22.85,424384,2.139018,0.6199,,1893672.9684
"06-Mar-19",22.85,22.85,21.42,21.43,727717,2.068176,0.6252,,1838690.3166
"07-Mar-19",21.36,21.6,20.83,20.87,817239,2.131007,0.6149,,1901499.6804
"08-Mar-19",20.83,20.93,20.26,20.35,737060,2.078614,0.6291,,1869214.4934
"11-Mar-19",20.27,20.58,20.27,20.47,1004590,1.985582,0.6303,,1839757.626
"12-Mar-19",20.46,20.54,19.57,19.63,1459749,2.102816,0.6133,,1999239.396
"13-Mar-19",19.67,19.83,19.47,19.54,865306,1.831299,0.616,,1754700.682
"14-Mar-19",19.54,19.59,19.31,19.43,720241,1.666874,0.6119,,1605048.606
"15-Mar-19",19.46,19.52,19.29,19.34,1700541,1.636605,0.6129,1966374,1626914.66
"18-Mar-19",19.34,19.51,19.09,19.15,714107,1.431589,0.6207,,1415074.724
"19-Mar-19",19.17,19.27,19.1,19.18,784944,1.142222,0.6055,,1127004.508
"20-Mar-19",19.16,19.22,18.77,19,3166034,1.225828,0.5921,,1279465.068
"21-Mar-19",18.93,19.32,18.93,19.32,1296700,1.277045,0.6185,,1338643.838
"22-Mar-19",19.29,19.36,18.96,18.99,636256,1.173153,0.5701,,1184177.218
"25-Mar-19",19.15,19.185,18.405,18.44,1016068,1.22028,0.5654,,1252383.258
"26-Mar-19",18.5,18.96,18.425,18.7,640438,1.039093,0.5526,,1288368.2448
"27-Mar-19",18.73,18.73,18.18,18.34,577182,0.972048,0.5384,,1205780.5368
"28-Mar-19",18.4,18.74,18.28,18.73,906517,1.161481,0.5484,,1434666.4704
"29-Mar-19",18.84,19.24,18.73,19.2,1637457,0.774626,0.5285,1880972,976304.691
"01-Apr-19",19.3,19.44,19.04,19.43,1263585,0.824681,0.5644,,1054173.1014
"02-Apr-19",19.52,19.6,19.29,19.57,784049,0.970792,0.577,,1244124.8298
"03-Apr-19",19.67,19.8295,19.36,19.48,671217,0.961945,0.5066,,1236062.6964,
"04-Apr-19",19.52,19.78,19.52,19.61,599487,1.105459,0.5036,,1421688.402
"05-Apr-19",19.66,20.095,19.57,20.08,727831,1.191866,0.5145,,1535934.7314
"08-Apr-19",20.01,20.16,19.9083,20,426256,1.177308,0.5171,,1516664.2662
"09-Apr-19",20,20.1,19.76,19.78,526370,1.122001,0.5185,,2793995.8088
"10-Apr-19",19.85,20.28,19.85,20.13,564246,1.140532,0.52,,2851553.552
"11-Apr-19",20.16,20.2146,20,20.02,622012,1.196655,0.5364,,2998269.368
"12-Apr-19",19.61,19.82,19.4,19.67,570916,1.644617,0.5511,,4125723.9848,
"15-Apr-19",19.66,19.8,19.56,19.65,574221,1.424635,0.5818,2020171,3558799.024
"16-Apr-19",19.71,19.805,18.905,19.16,662048,1.571683,0.5895,,3953615.0468
"17-Apr-19",19.19,19.43,19.03,19.26,605461,0.327838,0.5821,,830449.138
"18-Apr-19",19.22,19.45,19.02,19.39,780869,0.321078,0.6891,,818222.82
"19-Apr-19",,,,,,0.31919,0.676,,818222.82
"22-Apr-19",19.33,19.474,18.78,18.99,468616,0.388714,0.6915,,991084.1468,
"23-Apr-19",19.05,19.53,18.98,19.28,585894,0.344673,0.5841,,880671.0904
"24-Apr-19",19.28,19.46,19.24,19.39,416691,0.260775,0.5825,,379388.1138
"25-Apr-19",19.27,19.32,19.1,19.21,334411,0.398823,0.6463,,581001.1796
"26-Apr-19",19.23,19.4669,19.08,19.43,396494,0.485897,0.6232,,709282.0381
"29-Apr-19",19.44,19.58,19.34,19.38,267695,0.513063,0.5496,,748675.3726
"30-Apr-19",19.88,20.09,19.62,20.02,1070888,0.409909,0.5706,1557727,608071.471
"01-May-19",20.16,21.28,20.13,21,1280419,0.768961,0.5834,,1152507.5555
"02-May-19",20.93,21.11,20.6,20.73,746885,0.48593,0.599,,734332.1585
"03-May-19",20.72,21.08,20.72,21.07,391642,0.502194,0.5779,,753321.7659
"06-May-19",20.91,21.27,20.81,21.17,486194,0.512122,0.5795,,773927.5101
"07-May-19",21.07,21.145,20.4167,20.55,432492,0.489764,0.5758,,741402.757
"08-May-19",20.5,20.78,20.4099,20.42,368389,0.499559,0.5581,,755543.954
"09-May-19",20.36,20.67,20.2,20.56,674925,0.332457,0.5425,,1297275.0456
"10-May-19",20.55,21,20.42,21,401248,0.431585,0.6036,,1671908.3891
"13-May-19",20.79,21,20.7749,20.92,419819,0.463987,0.5361,,1808988.3651
"14-May-19",20.96,21.26,20.87,21.03,694611,0.432842,0.5205,,1695274.2941
"15-May-19",20.92,21.46,20.7,21.32,345133,0.682815,0.4061,1716183,2634895.2205
"16-May-19",21.36,21.72,21.3353,21.58,527111,0.693751,0.414,,2650784.0359
"17-May-19",21.46,21.66,21.36,21.42,355115,0.714318,0.4094,,2707329.526
"20-May-19",21.33,21.85,21.25,21.79,540694,0.745837,0.428,,2829299.5501
"21-May-19",21.99,22.167,21.97,22.11,657491,0.681949,0.4721,,2591901.9553
"22-May-19",22.13,22.226,21.88,21.98,457395,0.601332,0.5057,,2287677.8722
"23-May-19",21.84,21.89,21.6,21.84,408569,0.36595,0.5193,,1386065.4846
"24-May-19",21.94,22.14,21.87,22.1,325775,0.424541,0.4365,,1038462.3333
"27-May-19",,,,,,0.418,0.4365,,1038462.3333
"28-May-19",22.19,22.34,21.75,21.78,596825,0.920922,0.5337,,2291619.1599
"29-May-19",21.64,21.69,21.3204,21.5,620028,0.986625,0.5035,,2449507.9959
"30-May-19",21.52,21.72,21.34,21.62,494272,0.478572,0.4351,,1182278.4687
"31-May-19",21.53,21.975,21.37,21.93,661869,0.525168,0.4584,1629809,1295889.7833
"03-Jun-19",21.97,21.97,21.52,21.72,516570,0.60731,0.4739,,1494623.7747
"04-Jun-19",21.75,21.925,21.495,21.9,579055,0.690985,0.504,,1695588.804
"05-Jun-19",21.93,22.27,21.885,22.19,488862,0.619274,0.53,,1515217.9707
"06-Jun-19",22.33,22.63,22.21,22.61,546894,0.642153,0.5968,,1575455.994
"07-Jun-19",22.76,23.21,22.76,23.02,550341,0.684463,0.5982,,1672763.5701
"10-Jun-19",23.06,23.17,22.93,23.15,366004,0.679922,0.6099,,1644274.9323
"11-Jun-19",23.3,23.33,22.99,23.29,551044,0.711882,0.6136,,2157867.116
"12-Jun-19",23.25,23.37,23.02,23.29,444698,0.743872,0.6279,,2227133.9985
"13-Jun-19",23.31,23.7,23.28,23.68,694588,1.157227,0.6158,,3405811.8673
"14-Jun-19",23.58,23.7,23.22,23.24,549315,1.159634,0.6142,1795609,3388535.8919
"17-Jun-19",23.32,23.61,23.273,23.61,595637,0.864981,0.6449,,2460359.6664
"18-Jun-19",23.79,24.03,23.69,23.86,477749,0.93708,0.6291,,2654143.9565
"19-Jun-19",23.84,23.98,23.7,23.83,544949,0.975797,0.6021,,2752747.401
"20-Jun-19",23.91,23.9875,23.65,23.69,559618
"21-Jun-19",23.07,23.29,21.86,21.99,2301697
"24-Jun-19",21.99,22.22,21.58,21.73,844080,1.096077,0.5946,,2978964.8902
"25-Jun-19",21.72,21.81,20.85,20.85,842485,1.532321,0.6361,,2218474.9195
"26-Jun-19",20.9,21.0246,19.945,19.97,2018856,1.088827,0.599,,1614970.7346
"27-Jun-19",20.07,20.76,20.03,20.76,1068214,1.026586,0.5981,,1538118.6694
"28-Jun-19",20.75,21.13,20.7,21.01,4002819,1.140207,0.5697,2263140,1846065.6129
"01-Jul-19",21.29,21.315,20.32,20.49,1117138,1.137323,0.5679,,1812128.6028
"02-Jul-19",20.5,20.72,20.36,20.59,665366,1.220017,0.5926,,1917710.412
"03-Jul-19",20.66,20.85,20.565,20.85,359502,1.693332,0.5743,,2635954.012
"04-Jul-19",,,,,,1.738398,0.5785,,2706521.4457
"05-Jul-19",20.75,20.96,20.41,20.89,653392,2.218865,0.6026,,3458881.6167
"08-Jul-19",20.81,20.86,20.52,20.57,822122,1.720954,0.6058,,2688744.9166
"09-Jul-19",20.48,20.6182,20.09,20.44,905253,1.610942,0.6044,,2544916.6357,
"10-Jul-19",20.52,20.5928,20.14,20.3,1025373,1.5668,0.5992,,3069044.154
"11-Jul-19",20.3,20.529,18.95,18.97,1905428,1.63078,0.5893,,3291963.444
"12-Jul-19",18.98,19.24,18.81,19.08,1100794,1.706352,0.5949,,3481161.948
"15-Jul-19",19.14,19.197,18.61,18.85,1286615,1.773639,0.5811,2782503,3674886.732
"16-Jul-19",18.75,19.07,18.6,18.66,2182451,2.071867,0.5989,,4441638.564
"17-Jul-19",18.72,18.88,18.45,18.57,1658664,2.136343,0.5964,,4674741.984
"18-Jul-19",18.18,18.29,17.72,17.74,1368919,2.052642,0.6109,,4561584.984,
"19-Jul-19",17.71,17.855,17.21,17.24,1104465,2.388836,0.618,,5343273.54
"22-Jul-19",17.17,17.19,16.33,17,1836757,1.994578,0.648,,4552532.424
"23-Jul-19",17,17.6,16.999,17.43,1199591,1.799194,0.6402,,4164403.914
"24-Jul-19",17.51,17.68,17.16,17.25,873811,2.034572,0.5965,,3584976.8652
"25-Jul-19",17.25,17.26,16.54,16.63,955432,1.575552,0.6304,,2804484.7737
"26-Jul-19",16.63,16.9691,16.4,16.5,1964325,1.51715,0.6217,,2782781.2503,
"29-Jul-19",16.63,17,16.37,16.42,997193,1.595967,0.6246,,2959191.9405
"30-Jul-19",17,17.04,16.36,17.03,1121202
"31-Jul-19",17.03,18.24,17.03,17.81,2135714,1.264032,0.6351,3386078,2431351.1214
"01-Aug-19",17.88,18.09,17.435,17.53,1342009,1.350248,0.6285,,2609153.0631
"02-Aug-19",17.59,17.85,17.43,17.56,870577,1.55962,0.6087,,2992860.2268
"05-Aug-19",17.46,17.57,17.11,17.47,943002,1.516555,0.6002,,2945835.9261
"06-Aug-19",17.46,17.66,16.99,17.47,1149756,1.345322,0.6091,,2623622.0787
"07-Aug-19",17.41,17.79,17.11,17.74,1147677,1.284716,0.5955,,2533190.7312
"08-Aug-19",17.83,18.26,17.6,18.16,1317985,1.282268,0.6499,,2565746.0163
"09-Aug-19",18.09,18.09,17.595,17.85,695382,1.334167,0.6336,,3737552.8964
"12-Aug-19",17.77,18.1,17.65,17.98,440164,1.052727,0.6507,,2964172.6812
"13-Aug-19",17.98,18.3,17.84,18.02,459453,1.149126,0.6896,,3210001.944
"14-Aug-19",17.9,18,17.38,17.46,670207,1.232676,0.6739,,3457524.2458
"15-Aug-19",17.45,17.5776,17.345,17.44,553989,1.259865,0.6623,2952210,3525584.4136
"16-Aug-19",17.49,17.84,17.39,17.65,607729,1.205703,0.6719,,3388448.2546
"19-Aug-19",17.86,18.12,17.75,17.76,500745,1.223495,0.6629,,3470729.95
"20-Aug-19",17.71,17.77,17.41,17.45,636681,1.318691,0.6279,,3721299.722
"21-Aug-19",17.55,17.817,17.43,17.61,642142,1.32639,0.626,,3749065.5616
"22-Aug-19",17.67,17.8,17.2958,17.42,471780,1.278368,0.6281,,3602786.992
"23-Aug-19",17.35,17.48,16.71,16.74,704911,1.295897,0.6297,,3666783.8662
"26-Aug-19",16.9,17.23,16.81,17.22,603765,1.231228,0.6295,,2956343.094
"27-Aug-19",17.38,17.4,16.45,16.53,735155,1.2526,0.6239,,2996788.371
"28-Aug-19",16.52,17.295,16.5,17.1,504089,1.365495,0.6181,,3243297.906
"29-Aug-19",17.25,17.44,17.05,17.13,369347,1.506934,0.6076,,3566269.68
"30-Aug-19",17.21,17.2965,16.98,17.16,498350,1.502638,0.6009,2957283,3549146.862
"02-Sep-19",,,,,,1.48443,0.6009,,3549146.862
"03-Sep-19",17.06,17.355,17.05,17.27,520546,1.425785,0.6149,,3384708.765
"04-Sep-19",17.41,17.6963,17.29,17.58,533946,2.01866,0.614,,4793798.598
"05-Sep-19",17.53,18.04,17.36,17.85,1053921,2.011662,0.6162,,4813578.405
"06-Sep-19",17.85,17.97,17.57,17.74,543642,1.985499,0.6225,,4755124.647
"09-Sep-19",17.79,18.21,17.72,18.2,587946,1.736693,0.6091,,4189776.432
"10-Sep-19",18.18,18.3784,18,18.18,951535,1.600916,0.6171,,3861195.459
"11-Sep-19",18.25,18.51,18.1,18.35,847337,1.614111,0.6084,,3268389.1716
"12-Sep-19",18.5,18.64,18.25,18.35,725663,1.540024,0.6232,,3127031.0442
"13-Sep-19",18.44,18.62,18.14,18.23,762240,1.465503,0.6251,2927031,2990404.5696
"16-Sep-19",18.08,18.36,17.82,18.21,749109,1.569707,0.6216,,3228170.1228
"17-Sep-19",18.17,18.18,17.67,17.84,601663,1.438613,0.626,,2940426.4869
"18-Sep-19",17.89,17.93,17.56,17.79,1164261,1.520592,0.5922,,3135607.1649
"19-Sep-19",17.93,18.01,17.54,17.61,859927,1.509684,0.5862,,3131466.9687
"20-Sep-19",17.63,17.63,17.336,17.45,2824127,1.585759,0.568,,3404128.4613
"23-Sep-19",17.4,17.45,16.95,16.95,1325404,1.612588,0.5786,,3435771.3894
"24-Sep-19",17,17.4219,16.965,17.09,1048596,1.721802,0.5542,,3591759.7401
"25-Sep-19",17.05,17.535,17.03,17.38,865955,1.808938,0.5297,,3774699.1776
"26-Sep-19",17.44,17.59,17.25,17.44,822944,1.698452,0.547,,3543171.0255
"27-Sep-19",17.44,17.65,17.08,17.14,693654,1.630072,0.5533,,3333302.9028
"30-Sep-19",17.18,17.46,17.13,17.34,666016,1.88916,0.5453,3411340,3660252.2655
"01-Oct-19",17.39,17.56,16.32,16.32,1836506,1.798847,0.657,,3534389.9325
"02-Oct-19",16.32,16.34,15.765,15.98,1223664,2.024141,0.5523,,3983689.191
"03-Oct-19",15.95,16.147,15.51,15.55,1386791,2.57373,0.561,,5123475.0624
"04-Oct-19",15.56,15.89,15.52,15.87,965215,2.317162,0.5675,,4656320.9148
"07-Oct-19",15.69,16.07,15.68,15.69,816291,2.270365,0.5709,,4573778.6406
"08-Oct-19",15.55,15.73,15.25,15.42,1061809,2.218777,0.5818,,4474259.5866
"09-Oct-19",15.5,15.59,15.15,15.16,691093,2.224616,0.5795,,4172751.088
"10-Oct-19",15.14,15.2015,14.68,14.78,1344762,2.205729,0.575,,4165246.14
"11-Oct-19",14.94,15.67,14.8,15.31,1303057,2.166545,0.5738,,4108276.762
"14-Oct-19",15.21,15.79,15.17,15.68,1032462,2.216626,0.5753,,4141025.626,
"15-Oct-19",15.72,16.03,15.59,15.61,889242,2.217627,0.5669,4051816,4136590.884
"16-Oct-19",15.61,15.79,15.11,15.35,1162613,2.267556,0.6286,,4221533.25
"17-Oct-19",15.33,15.61,15.2703,15.58,843189,2.407979,0.5878,,4390735.714
"18-Oct-19",15.49,15.58,15.42,15.47,891327,2.77338,0.5873,,4996248.564
"21-Oct-19",15.48,16.1,15.48,16,1313688,2.909709,0.5889,,5224467.21
"22-Oct-19",16,16.41,15.975,16.22,1274932,2.898887,0.5911,,5231972.158
"23-Oct-19",16.29,16.72,16.11,16.71,1628698,2.87445,0.6082,,5170568.038
"24-Oct-19",16.38,16.4,15.73,15.79,1216012,3.676282,0.5486,,6479258.9656,
"25-Oct-19",15.77,16.03,15.7001,15.95,465753,4.745174,0.5555,,8309059.0712
"28-Oct-19",15.94,16.02,15.54,15.54,1042799,4.062078,0.5357,,7005589.864
"29-Oct-19",15.54,15.65,15.35,15.58,638882,2.785315,0.5321,,4780737.6984
"30-Oct-19",15.59,15.65,15.26,15.39,696796,2.569196,0.597,,4388116.728
"31-Oct-19",15.39,15.41,15.06,15.22,821035,2.572115,0.5986,3862362,4371504.2824
"01-Nov-19",15.27,15.62,15.27,15.62,720969,2.657434,0.5259,,4411212.0792,
"04-Nov-19",15.71,15.96,15.57,15.96,1181240,2.901753,0.5996,,4805858.9576
"05-Nov-19",16.14,16.32,15.3,15.4,1852956,2.814708,0.5979,,4736978.0856
"06-Nov-19",15.53,15.64,15.03,15.04,1438467,2.720844,0.6045,,4617044.332
"07-Nov-19",15.16,15.37,14.93,15,1024638,2.836048,0.5977,,4802212.3232
"08-Nov-19",15.04,15.31,14.9,15.17,689671,2.758253,0.6002,,4635277.504
"11-Nov-19",15.02,15.19,14.78,14.93,916246,2.76561,0.5999,,4632846.4144
"12-Nov-19",14.94,15.26,14.72,14.72,1106537,3.055029,0.5995,,4536730.4052
"13-Nov-19",14.7,14.92,14.5,14.53,1242751,3.490961,0.6168,,5253584.7924
"14-Nov-19",14.53,14.73,14.48,14.54,908830
"15-Nov-19",14.63,14.7,14.45,14.49,814597,3.346662,0.6155,4363244,5085572.0454
"18-Nov-19",14.49,14.765,14.46,14.64,1037489,3.47315,0.6108,,5348212.6614
"19-Nov-19",14.74,14.795,14.47,14.5,706769,3.530441,0.6101,,5415803.9964
"20-Nov-19",14.47,14.56,14.19,14.32,1083508,3.652328,0.6104,,5655270.4404
"21-Nov-19",14.27,14.33,13.883,13.98,1341257,3.615111,0.6094,,5660677.7472
"22-Nov-19",14.03,14.15,13.86,14,882992,3.553412,0.6096,,5585361.6882
"25-Nov-19",14.04,14.15,13.87,13.89,1145228,3.507631,0.6101,,5595403.8294
"26-Nov-19",13.88,14.12,13.78,13.96,1098930,3.249382,0.6118,,4455744.7728
"27-Nov-19",13.99,14.24,13.92,14.18,950164,3.000952,0.6045,,4137227.9608
"28-Nov-19",,,,,,2.986995,0.6102,,4133737.3656
"29-Nov-19",14.18,14.22,13.86,13.86,558769,2.79602,0.6116,4292481,3872815.3744
"02-Dec-19",13.88,14.08,13.68,13.68,1282190,2.763267,0.6103,,3912520.8948
"03-Dec-19",13.66,13.68,13.415,13.56,1573348,2.974795,0.5873,,4248054.3584
"04-Dec-19",13.64,13.825,13.64,13.7,2215207,2.912422,0.5879,,4265071.01
"05-Dec-19",13.69,13.75,13.28,13.31,1554788,2.760466,0.586,,4103194.6576
"06-Dec-19",13.37,13.77,13.37,13.49,2430662,2.41218,0.5898,,3657271.1208
"09-Dec-19",13.64,14.13,13.6,14.09,3315534,2.01687,0.5852,,3178186.9296
"10-Dec-19",14.1,14.25,13.93,14,909498,1.91218,0.5583,,3354573.9015
"11-Dec-19",14.08,14.1,13.855,13.91,1072694,2.14353,0.5654,,3766652.0775
"12-Dec-19",13.92,14.29,13.91,14.19,969290,2.583795,0.5103,,4547883.6195
"13-Dec-19",14.32,14.67,14.31,14.66,2228215,2.030203,0.5733,4130784,3646462.6095
"16-Dec-19",14.96,15.42,14.93,15.11,2521183,1.99942,0.5758,,3675222.2322
"17-Dec-19",15.14,15.85,15.14,15.76,2524922,1.975044,0.5716,,3714283.8093
"18-Dec-19",15.8,16.175,15.79,15.8,1735947,1.953828,0.5575,,3727161.2523
"19-Dec-19",15.88,16.35,15.88,16.23,1546850,1.806604,0.5786,,3462744.4227
"20-Dec-19",16.23,16.575,16.11,16.44,3666300,1.819127,0.5737,,3608688.7767
"23-Dec-19",16.71,16.85,16.45,16.79,1552864,2.025943,0.5589,,3957667.482
"24-Dec-19",16.95,16.97,16.695,16.79,730947
"25-Dec-19",,,,,,2.012916,0.5639,,4433157.3888
"26-Dec-19",16.96,17.16,16.895,17.09,919831,2.050541,0.5849,,4519077.696
"27-Dec-19",17.19,17.23,16.79,16.83,1324990
"30-Dec-19",16.85,16.94,16.55,16.75,1310251,1.837569,0.5831,,4105999.296
"31-Dec-19",16.62,16.88,16.56,16.61,1385539,0.928174,0.562,3810263,2076958.1952
"01-Jan-20",,,,,,0.907661,0.5615,,2045977.3152
"02-Jan-20",16.7,16.7,16.4103,16.58,1093513,1.045053,0.5744,,2334719.1168
"03-Jan-20",16.42,16.525,16.015,16.02,1282272,0.890621,0.5605,,1991037.888
"06-Jan-20",15.91,16.0579,15.61,15.82,1179580
"07-Jan-20",15.8,15.8,15.42,15.69,1293376,0.634497,0.6041,,1420576.6176
"08-Jan-20",15.63,15.855,15.465,15.67,1109481,0.819016,0.6153,,1840264.272
"09-Jan-20",15.66,15.74,15.15,15.28,1351273,0.608069,0.6204,,1371007.2096
"10-Jan-20",15.28,15.44,15.12,15.32,1088096,0.671165,0.5994,,2789874.5686
"13-Jan-20",15.36,15.9,15.32,15.72,984782,0.63091,0.5964,,2610411.1813
"14-Jan-20",15.69,15.84,15.57,15.78,701398,0.772065,0.5377,,3171662.9212
"15-Jan-20",15.85,16.375,15.82,16.09,1399326,0.758079,0.5602,3391510,3128225.923
"16-Jan-20",16.22,16.645,16.21,16.35,761261,0.873774,0.5446,,3600317.5087
"17-Jan-20",16.41,16.5519,16.06,16.1,830758,0.888426,0.5311,,3645659.6384
"20-Jan-20",,,,,,0.852706,0.5292,,3534780.9851
"21-Jan-20",16.11,16.14,15.62,16.05,1035399,0.911873,0.5336,,3768731.1333
"22-Jan-20",16.19,16.31,16.105,16.27,655783,0.94716,0.5298,,3882657.997
"23-Jan-20",16.24,16.425,15.88,16.35,882134,0.999458,0.5312,,4076600.3837
"24-Jan-20",16.34,16.35,16.11,16.2,669888,0.989698,0.5413,,3988202.2821
"27-Jan-20",16.01,16.15,15.9,16.02,1069840,0.786266,0.5394,,3463410.012
"28-Jan-20",16.15,16.65,16.07,16.63,692953,0.700784,0.5427,,3064907.587
"29-Jan-20",16.67,16.8,16.18,16.2,799789,0.611462,0.5578,,2666066.011
"30-Jan-20",16.07,16.26,15.92,16.24,525579,0.559726,0.5654,,2436799.935
"31-Jan-20",16.13,16.2,15.75,15.8,1005425,0.499212,0.577,3242365,2181758.383
"03-Feb-20",15.86,16.3961,15.86,16.21,902897,0.517078,0.5715,,2277738.116,
"04-Feb-20",16.38,16.62,16.21,16.31,1154226,0.575577,0.5743,,2532101.366
"05-Feb-20",16.41,17.005,16.38,16.87,1037039,0.55859,0.5755,,2453079.183
"06-Feb-20",17.05,17.1,16.87,16.88,922397,0.505907,0.5841,,2195324.423
"07-Feb-20",16.94,17,16.69,16.7,678188,0.466761,0.5732,,2005739.014
"10-Feb-20",16.73,17.38,16.73,17.32,1206122,0.791873,0.5842,,3435260.479
"11-Feb-20",17.46,17.57,17.355,17.4,946718,0.567958,0.5803,,3647660.625
"12-Feb-20",17.63,18.42,17.51,17.76,2264705,0.738612,0.5536,,4825611.8295
"13-Feb-20",17.26,17.6,16.7283,17.44,1410055,1.077035,0.5795,,7063816.389,
"14-Feb-20",17.48,17.61,17.07,17.25,1087605,1.081244,0.5819,3210560,7077434.322
"17-Feb-20",,,,,,1.07017,0.5819,,7077434.322
"18-Feb-20",17.13,17.29,16.88,17.26,869605,0.822386,0.5681,,5411182.9485
"19-Feb-20",17.32,17.52,16.92,16.93,917398,0.90244,0.5433,,5928664.4025
"20-Feb-20",16.92,17.25,16.9,17.18,682933,0.9329,0.5464,,6127097.1405
"21-Feb-20",17.2,17.53,17.12,17.34,736197,0.902308,0.5448,,5899807.354,
"24-Feb-20",16.93,17.13,16.81,16.82,1193759,1.089352,0.5525,,7143902.8045
"25-Feb-20",16.77,16.8,15.5,15.64,1840438,0.918358,0.5502,,6067113.388
"26-Feb-20",15.82,16.43,15.55,16.12,1360226,1.140698,0.4767,,3427914.912
"27-Feb-20",16.16,16.65,15.6891,15.8,1887540,1.23852,0.4789,,3758923.648
"28-Feb-20",15.39,15.49,14.34,14.64,3053623,1.372192,0.4455,3696853,4274539.584
"02-Mar-20",15,16.55,14.85,16.52,2510139,1.297269,0.4354,,4137448.672
"03-Mar-20",16.53,17.02,15.82,16.02,1619836,1.359982,0.4445,,4354803.584
"04-Mar-20",16.41,17.09,16.3,16.9,1487092,1.211659,0.5345,,3875788.032
"05-Mar-20",16.5,17.22,16.435,16.99,1385367,1.281438,0.4444,,4058789.952
"06-Mar-20",16.35,17.0309,16.12,16.78,1218163,1.221957,0.4037,,3854598.336
"09-Mar-20",15.61,16.65,15.09,15.89,1749971,1.287804,0.4003,,4028931.744
"10-Mar-20",16.38,16.4801,14.79,15.2,2209767,1.358358,0.3896,,3625873.4224
"11-Mar-20",14.87,15,13.28,13.31,3172675,1.470392,0.4101,,4034745.3642
"12-Mar-20",11.64,12.5,10.5298,11.24,3160078,1.80361,0.3589,,5072821.6866
"13-Mar-20",12.54,12.75,11.25,12.74,2476186,1.745439,0.3643,3436139,4995557.4589
"16-Mar-20",11.38,13.55,11.14,12.73,2111950,1.631865,0.5066,,4664319.4301
"17-Mar-20",13.06,14.22,12.47,13.8,2813324,1.362089,0.6481,,3906464.5651
"18-Mar-20",12.92,13.13,11.3,11.88,2772017,1.204852,0.6892,,3465060.3169
"19-Mar-20",11.74,12.25,10.6,12.17,2488796,1.196275,0.5981,,3470235.9111
"20-Mar-20",12.61,12.63,11.5,11.69,2089936,1.247594,0.4762,,3641400.205
"23-Mar-20",11.5,11.6,9.95,10.06,2450479,1.370513,0.4978,,3945281.5216
"24-Mar-20",10.95,11.5,10.03,10.73,1800765,1.23847,0.4555,,2459244.6823
"25-Mar-20",10.89,11.82,10.54,11.25,1732471,2.000812,0.5249,,4018220.9466
"26-Mar-20",11.6,12.27,11.135,11.7,1495918,1.226307,0.4963,,2464398.8908
"27-Mar-20",11.29,11.905,11,11.42,995778,1.141328,0.4798,,2295684.4659
"30-Mar-20",11.44,11.98,11.03,11.68,1190995,1.207532,0.4883,,2425226.9062
"31-Mar-20",11.84,12.28,11.51,12.16,1455293,1.252876,0.4855,2311046,2520407.9565
"01-Apr-20",11.35,11.85,11.01,11.67,1461166,1.274823,0.4821,,2566795.833
"02-Apr-20",11.6,11.76,10.9002,11.42,1405012,1.327101,0.506,,2670910.8447
"03-Apr-20",11.26,11.3052,10.26,10.78,1412335,1.278678,0.4886,,2582602.0724
"06-Apr-20",11.6,12.28,11.38,11.93,1341829,1.23539,0.4959,,2496698.5974,
"07-Apr-20",12.5,13.04,11.72,11.83,1787114,1.260267,0.4898,,2563703.3079
"08-Apr-20",12.43,12.65,11.85,12.47,1200734,1.212514,0.4757,,2464055.2769
"09-Apr-20",13.14,13.99,12.8076,13.96,2089793,1.182831,0.4632,,2227386.1348
"10-Apr-20",,,,,,1.181657,0.4633,,2228079.4486
"13-Apr-20",14.49,14.707,13.8,14.57,1883030,1.137917,0.411,,2164063.4744
"14-Apr-20",15.1,15.45,14.62,15.13,1702368,1.149287,0.4026,,2202426.838
"15-Apr-20",14.75,15.0725,14.1,14.51,2083175,1.449695,0.4563,2288601,2819013.9108
"16-Apr-20",13.9,14.11,12.62,12.69,2223986,1.613674,0.4506,,3165208.6016,
"17-Apr-20",13.26,13.45,12.59,12.88,1794463,2.087695,0.5359,,4138852.2814
"20-Apr-20",12.66,12.97,12.24,12.27,1107448,1.621012,0.4901,,3222753.647
"21-Apr-20",11.9,12.47,11.75,11.97,955789,1.4749,0.4629,,2914922.3198
"22-Apr-20",12.26,12.54,11.73,11.8,1281681,1.451645,0.4592,,2876096.747
"23-Apr-20",11.8,11.95,11.3,11.43,1549435,1.385259,0.3864,,2769557.5264
"24-Apr-20",11.69,11.8,11.44,11.71,1010331,1.542148,0.4148,,2506246.9551,
"27-Apr-20",11.7,12.38,11.61,12.15,1343868,1.617137,0.4323,,2645851.6161
"28-Apr-20",12.6,12.9101,12.24,12.75,1027314,1.497887,0.3975,,2449718.5104
"29-Apr-20",13.16,13.6,12.98,13.32,1665602,1.397226,0.3694,,2307138.6681
"30-Apr-20",12.81,13.14,12.16,12.68,2553590,1.442427,0.3813,2508428,2423170.7388
"01-May-20",12.19,12.23,11.35,11.76,2285622,1.336247,0.3737,,2297068.8237
"04-May-20",11.48,11.71,11.32,11.6,1441925,1.47082,0.4075,,2541720.2706
"05-May-20",11.84,11.85,11.44,11.57,1660456,1.355103,0.3948,,2353139.5482
"06-May-20",11.69,11.71,11.05,11.2,1824115,1.189216,0.4259,,2080567.1691
"07-May-20",11.44,11.53,11.02,11.11,1449117,1.088735,0.4325,,1914185.8764
"08-May-20",11.35,11.66,11.24,11.5,2087584,1.155042,0.4284,,2057681.1591
"11-May-20",11.69,12.03,11.53,11.65,2854327,1.127278,0.4264,,2110842.162
"12-May-20",11.72,11.83,11.2,11.2,1784375,0.97322,0.4042,,1836420.1388
"13-May-20",11.19,11.25,10.51,10.6,2397837,0.745621,0.4101,,1408733.1648
"14-May-20",10.5,10.685,10.18,10.41,1945208,0.751046,0.4419,,1425790.4752
"15-May-20",10.24,10.4209,10.07,10.36,1419043,0.748405,0.4133,1994993,1425037.9468
"18-May-20",10.86,11.34,10.83,11.27,2353442,0.812094,0.4117,,1554472.8316
"19-May-20",11.3,11.345,10.76,10.76,1719883,0.961967,0.4095,,1854982.506
"20-May-20",10.99,11.21,10.83,10.97,3062848,0.84754,0.3993,,1665094.5064
"21-May-20",10.99,11.32,10.88,11.22,1790498,0.860206,0.4378,,1706232.7256
"22-May-20",11.19,11.24,10.82,11.2,1638805,0.816152,0.4011,,1631230.7284
"25-May-20",,,,,,0.776087,0.394,,1559740.5304
"26-May-20",11.75,12.35,11.69,12.22,2241915,0.56301,0.3808,,1135565.3556
"27-May-20",12.65,13.1,12.18,13.09,1892003,0.479467,0.4133,,1359787.2288
"28-May-20",13.2,13.35,12.305,12.38,1760281,0.530575,0.3992,,1503227.2255
"29-May-20",12.14,12.21,11.68,11.98,1706759,0.539893,0.4034,2499054,1512204.694
"01-Jun-20",12.12,12.92,12.02,12.67,1704227,0.567559,0.4144,,1587615.4294
"02-Jun-20",12.86,13.09,12.4675,12.6,1873295,0.557541,0.421,,1559885.0267
"03-Jun-20",12.94,13.6,12.93,13.29,1630325,0.574312,0.4625,,1595196.4028
"04-Jun-20",13.29,13.37,12.86,13.3,1392519,0.612535,0.4757,,1697938.5423
"05-Jun-20",13.9,14.37,13.75,13.87,1942988,0.584524,0.4755,,1626517.7929
"08-Jun-20",14.3,14.775,14.002,14.47,1615237,0.594971,0.477,,1667614.6487
"09-Jun-20",14.05,14.81,13.87,14.67,1453073,0.561462,0.4777,,2592268.7142
"10-Jun-20",14.52,14.53,13.42,13.62,1423170,0.564517,0.4812,,2599266.0654
"11-Jun-20",12.71,12.96,12.085,12.23,2440110,0.539224,0.4652,,2487558.3516
"12-Jun-20",13.05,13.27,12.3001,12.7,2003768,0.587395,0.4823,,2683234.2798
"15-Jun-20",12.1,13.14,12.02,12.95,1604672,0.58243,0.471,2259402,2610511.8084
"16-Jun-20",13.57,13.75,12.9,13.2,1077836,0.529027,0.5288,,2356607.922
"17-Jun-20",12.9,12.94,11.88,12.17,5135654,0.501551,0.5103,,2292632.1396
"18-Jun-20",12.03,12.25,12,12.1,1199682,0.519277,0.5625,,2341363.6926
"19-Jun-20",12.23,12.24,11.555,11.83,3983434,0.732703,0.4906,,3337736.5224
"22-Jun-20",11.8,12.21,11.46,12.19,1693308,0.673043,0.4946,,3038099.9478
"23-Jun-20",12.28,12.34,11.75,11.86,2397692,0.912652,0.4883,,4140432.6672
"24-Jun-20",11.64,11.69,11.12,11.49,2035937,0.904862,0.4852,,3540482.934
"25-Jun-20",11.45,11.6496,11.23,11.45,1553694,0.859475,0.4739,,3355889.7906
"26-Jun-20",11.37,11.41,10.95,11.08,4277672,0.871605,0.4727,,3476993.7378
"29-Jun-20",11.33,11.64,11.14,11.45,1934190,0.915053,0.4678,,3690281.2866
"30-Jun-20",11.33,11.98,11.33,11.83,1816329,0.886192,0.4769,2858772,3572340.5022
"01-Jul-20",11.89,12.08,11.61,11.83,1497498,0.80472,0.4874,,3263480.2488
"02-Jul-20",12,12.13,11.64,11.77,1263164,0.891459,0.4871,,3609168.7548
"03-Jul-20",,,,,,0.887953,0.4871,,3609168.7548
"06-Jul-20",12.05,12.08,11.25,11.28,1987535,0.986687,0.4933,,4030095.3474
"07-Jul-20",11.59,11.795,11.37,11.49,2175754,0.874652,0.4796,,3597419.8644,
"08-Jul-20",11.6,11.72,11.45,11.69,1935379,0.88757,0.4797,,3655034.6154
"09-Jul-20",11.8,11.8,11.21,11.36,1753314,0.887106,0.4676,,3670172.6088
"10-Jul-20",11.36,11.87,11.35,11.86,1499158,1.033794,0.4558,,3405655.0836
"13-Jul-20",11.99,12.19,11.7409,11.88,2374723,1.116091,0.4551,,3691246.4064
"14-Jul-20",11.93,12,11.79,11.91,1850323,1.036315,0.4298,,3426524.1192
"15-Jul-20",12.21,12.32,12.02,12.15,3525392,1.247198,0.4766,2660425,4185242.208
"16-Jul-20",11.6,11.77,11.52,11.67,1961879,1.484872,0.4978,,4977979.6836,
"17-Jul-20",11.64,11.64,11.44,11.49,1003655,1.634701,0.5073,,5426235.1332
"20-Jul-20",11.39,11.4,10.82,10.82,2467134,1.287382,0.4908,,4296734.316
"21-Jul-20",10.91,11.23,10.815,11.06,1965386,1.316586,0.5019,,4424807.3016
"22-Jul-20",11.02,11.32,10.94,11.16,1340999,1.299951,0.4929,,4382497.476
"23-Jul-20",11.07,11.11,10.8987,11.06,1281591,1.136229,0.498,,3830468.6028
"24-Jul-20",11.1,11.125,10.77,10.79,1796408,1.099944,0.4942,,2361925.315,
"27-Jul-20",10.75,10.84,10.57,10.75,1591275,1.034866,0.4993,,2232362.6175
"28-Jul-20",10.7,10.94,10.6444,10.75,1514632,1.069884,0.5047,,2311111.1975
"29-Jul-20",10.84,10.84,10.58,10.72,1100433,1.057698,0.4913,,2286103.2025
"30-Jul-20",10.6,10.74,10.51,10.6,1035052,1.032207,0.4852,,2219858.62
"31-Jul-20",10.6,10.63,10.4,10.63,1762327,1.074013,0.4749,2909351,2306322.4325
"03-Aug-20",10.59,11.26,10.41,11,5349101,1.154467,0.4688,,2527935.835
"04-Aug-20",11.09,11.45,10.81,11.41,2827913,1.195395,0.4951,,2634618.8775
"05-Aug-20",11.45,11.58,11.04,11.44,3821847,1.487112,0.4965,,3337503.1625
"06-Aug-20",10.8,11.2,10.35,10.68,4984858,1.400881,0.5038,,3222838.845
"07-Aug-20",10.6,10.79,10.4,10.67,2331349,1.306873,0.5081,,3017720.0775
"10-Aug-20",10.69,10.97,10.58,10.89,1639073,1.252303,0.5112,,2896138.655
"11-Aug-20",11.07,11.4679,11.025,11.09,1661066,1.400336,0.5139,,4071927.6596
"12-Aug-20",11.22,11.44,11.16,11.28,1058315,1.403741,0.5185,,4027996.4595
"13-Aug-20",11.14,11.205,10.97,11.01,1187629,1.418969,0.5202,,4053598.7483
"14-Aug-20",10.95,11.25,10.95,11.16,1219514,1.424458,0.5255,4049271,4033524.2264
"17-Aug-20",11.11,11.255,11.05,11.25,872526,1.394613,0.537,,3935188.1626
"18-Aug-20",11.19,11.19,10.888,10.94,1297760,1.415168,0.5394,,3970973.1799
"19-Aug-20",10.93,10.9687,10.76,10.86,1126671,1.406278,0.5407,,3909294.9387
"20-Aug-20",10.8,11.025,10.7,10.86,841033,1.507436,0.5381,,4162117.5406
"21-Aug-20",10.78,10.88,10.61,10.82,1369374,1.506149,0.5365,,4103930.5206
"24-Aug-20",10.88,11.18,10.77,11.17,1068522,1.441431,0.5418,,3915113.6407
"25-Aug-20",11.2,11.24,11.03,11.14,925124,1.383153,0.5603,,3741121.4769
"26-Aug-20",11.11,11.15,10.905,11.01,890845,1.335746,0.5689,,3583199.9079
"27-Aug-20",11.01,11.24,11,11.12,1064138,1.317539,0.5726,,3501809.5608
"28-Aug-20",11.2,11.2,10.98,11.16,742915,1.352779,0.5645,,3562548.6258
"31-Aug-20",11.19,11.459,11.12,11.16,1553812,1.255063,0.5651,3594557,3304610.0631
"01-Sep-20",11.1,11.14,10.99,11.08,1111866,1.289039,0.5457,,3372637.8159
"02-Sep-20",11.05,11.125,10.9087,11.09,1031804,1.269597,0.5544,,3303800.2089
"03-Sep-20",11.1,11.34,11.02,11.11,1381262,1.338214,0.536,,3468605.5386
"04-Sep-20",11.2,11.26,10.77,11.02,1333467,1.284175,0.5359,,3320402.22
"07-Sep-20",,,,,,1.280159,0.5359,,3320402.22
"08-Sep-20",11.03,11.07,10.76,10.94,1575701,1.220099,0.5519,,3157216.5987
"09-Sep-20",11.01,11.22,10.88,11.17,1243196,1.103974,0.5548,,2847852.2943
"10-Sep-20",11.18,11.18,10.94,10.96,842719,1.122344,0.5548,,3133375.3369
"11-Sep-20",10.99,10.99,10.78,10.9,920846,1.156927,0.564,,3216409.6036
"14-Sep-20",11.05,11.26,10.96,11.24,1089078,1.227773,0.5491,,3369178.2761
"15-Sep-20",11.3,11.46,11.25,11.42,1042503,1.294994,0.5421,4288707,3530573.8854
"16-Sep-20",11.48,11.59,11.4,11.44,966009,1.228642,0.5548,,3331075.9719
"17-Sep-20",11.29,11.59,11.13,11.4,1210804,1.313816,0.5537,,3566159.9997
"18-Sep-20",11.45,11.45,11.18,11.23,3033885,1.307162,0.5468,,3483844.6444
"21-Sep-20",11.1,11.12,10.75,10.75,1836305,1.315226,0.5337,,3455807.0998
"22-Sep-20",10.83,11.045,10.8,10.94,1124798,1.393159,0.5355,,3640926.7853
"23-Sep-20",11,11.14,10.66,10.66,1340146,1.481377,0.5362,,3859475.8509
"24-Sep-20",10.69,10.905,10.44,10.7,1415748,1.780567,0.5188,,5585611.9968
"25-Sep-20",10.71,11,10.63,10.98,1181545,1.92535,0.5051,,5993039.1618
"28-Sep-20",11.1,11.58,11.08,11.52,1778935,2.083864,0.526,,6344713.1358
"29-Sep-20",11.49,11.66,11.22,11.35,1102002,2.289422,0.5156,,6934839.219
"30-Sep-20",11.3,11.68,11.24,11.34,1024022,2.055326,0.5124,3750257,6172735.9851
"01-Oct-20",11.35,11.58,11.255,11.57,1112136,2.059146,0.5082,,6143143.9068
"02-Oct-20",11.27,11.71,11.27,11.69,1016135,2.117558,0.5077,,6288531.0741
"05-Oct-20",11.83,11.95,11.21,11.31,2049238,2.227855,0.5025,,6665508.4194
"06-Oct-20",11.36,11.51,11.1601,11.21,1984525,2.216024,0.4905,,6652642.2984,
"07-Oct-20",11.4,11.4766,11.29,11.37,1015350,2.396799,0.4908,,7130404.2582
"08-Oct-20",11.38,11.44,11.185,11.28,1912713,2.573138,0.4927,,7636042.8135
"09-Oct-20",11.32,11.49,11.095,11.26,2480560,2.491071,0.4922,,4514184.3509
"12-Oct-20",11.3,11.34,11.12,11.17,1696170,2.497937,0.493,,4529560.4046
"13-Oct-20",11.15,11.225,11.12,11.2,1594565,2.621132,0.5027,,4751575.619
"14-Oct-20",11.25,11.48,11.19,11.27,2091302,2.890298,0.5167,,5225608.1038
"15-Oct-20",10.85,11,10.78,10.88,1355294,3.593845,0.5294,5294590,6467693.2222,
"16-Oct-20",10.83,10.8649,10.6,10.72,1697952,4.300858,0.533,,7606646.2731
"19-Oct-20",10.77,10.79,10.28,10.29,2052430,3.4386,0.5169,,6121169.4754
"20-Oct-20",10.41,10.5,10.1,10.11,2240857,3.35278,0.5193,,6005286.5341
"21-Oct-20",10.12,10.1468,9.05,9.06,5613411,3.633162,0.5284,,6701334.2333
"22-Oct-20",9.22,9.22,8.53,8.96,7514477,4.231382,0.5341,,8203312.1618
"23-Oct-20",9.2,9.54,8.96,9,3844830,6.198397,0.5299,,12279841.5208,
"26-Oct-20",8.94,8.99,8.53,8.63,3251447,6.193212,0.5307,,10214323.028
"27-Oct-20",8.59,8.7,8.24,8.28,2911523,6.25771,0.5328,,10417105.825
"28-Oct-20",8.06,8.26,8,8.11,2720168,6.274514,0.5402,,10543646.526
"29-Oct-20",8.35,8.935,8.1,8.88,3625434,6.502958,0.5545,,11118109.541
"30-Oct-20",8.75,9.1,8.75,8.86,2434216,6.464419,0.5627,10071431,11172114.359
"02-Nov-20",8.89,9.5,8.76,9.44,3621170,6.788533,0.5885,,11991187.432
"03-Nov-20",9.61,9.79,9.31,9.76,3392871,6.734905,0.5893,,12033544.152
"04-Nov-20",9.58,9.58,8.31,8.73,8274051,6.627286,0.6028,,12110845.166
"05-Nov-20",8.49,8.6,8.15,8.16,5573905,6.38034,0.5923,,11902767.779
"06-Nov-20",8.33,8.73,8.27,8.45,8674387,6.663236,0.6199,,12879619.634
"09-Nov-20",8.8,9.11,8.34,8.4,6220666,6.659093,0.621,,12966450.91
"10-Nov-20",8.45,9.035,8.45,8.71,4310156,8.059485,0.6738,,14367903.4646
"11-Nov-20",8.78,9.12,8.64,9,3681782,7.962862,0.6742,,14400132.0438
"12-Nov-20",9,9.09,8.48,8.5,25479680,6.717703,0.6687,,14151367.6981
"13-Nov-20",8.59,8.995,8.59,8.95,2984408,6.640623,0.6984,17203803,14149353.4119
"16-Nov-20",9.12,9.52,9.11,9.42,2762667,7.022987,0.7369,,15225989.3858
"17-Nov-20",9.35,9.71,9.24,9.53,2062714,7.565047,0.773,,16347946.7992
"18-Nov-20",9.51,9.63,9.385,9.39,2415289,7.878809,0.7664,,17177832.7136
"19-Nov-20",9.37,9.64,9.26,9.45,1999076,7.845049,0.7771,,17173804.1412
"20-Nov-20",9.38,9.49,9.27,9.45,1404004,7.841578,0.7655,,17192939.8601
"23-Nov-20",9.4,9.555,9.285,9.39,2882857,7.577409,0.7646,,16934104.0834
"24-Nov-20",9.48,9.885,9.48,9.63,3667796,7.862916,0.7746,,21480668.4258
"25-Nov-20",9.63,9.74,9.4,9.62,2076005,7.590625,0.7736,,20854449.9966
"26-Nov-20",,,,,,7.50851,0.7736,,20838966.5739
"27-Nov-20",9.72,9.77,9.54,9.71,795819,7.327862,0.7647,,20326293.2445
"30-Nov-20",9.69,9.8282,9.44,9.45,2345483,7.284189,0.7664,17889992,20582629.9092
"01-Dec-20",9.54,9.66,9.465,9.55,2078912,7.561572,0.7647,,21429057.0168
"02-Dec-20",9.54,9.77,9.52,9.67,1258937,7.547575,0.7658,,21406692.0729
"03-Dec-20",9.74,10.03,9.63,9.63,4415901,7.216241,0.7617,,20849288.8557
"04-Dec-20",9.82,10.01,9.766,10.01,1905578,7.227639,0.7606,,20942189.3919
"07-Dec-20",10,10.05,9.71,9.71,2002351,7.356708,0.7609,,21392929.0305
"08-Dec-20",9.7,9.83,9.63,9.66,2076530,7.42925,0.7595,,21509914.8909
"09-Dec-20",9.7,9.78,9.38,9.41,2808549,7.47923,0.7644,,18947290.5272
"10-Dec-20",9.3,9.48,9.27,9.35,1994810,7.682204,0.7758,,19537660.2632
"11-Dec-20",9.33,9.47,9.28,9.43,1523041,7.654691,0.7758,,19537660.2632
"14-Dec-20",9.47,9.76,9.46,9.66,2569643,7.773402,0.7793,,20013534.0504
"15-Dec-20",9.66,9.66,9.43,9.58,2177228,7.690078,0.7801,19717191,19911561.096
"16-Dec-20",9.63,9.795,9.45,9.49,2466447,7.4743,0.7828,,19496513.2816
"17-Dec-20",9.49,9.62,9.41,9.47,1845993,7.405115,0.7806,,19403485.3232
"18-Dec-20",9.46,9.56,9.3101,9.41,4588805,7.354408,0.7862,,19603853.2336
"21-Dec-20",9.33,9.35,9.08,9.17,2862734,7.448248,0.7936,,19836423.1296
"22-Dec-20",9.23,9.23,8.58,8.58,5825598,7.283525,0.7925,,19788120.1512
"23-Dec-20",8.68,8.88,8.565,8.81,2171160,7.217588,0.7943,,19711193.1856
"24-Dec-20",8.85,8.99,8.7301,8.98,1107307,7.529104,0.8029,,20338282.5165
"25-Dec-20",,,,,,7.46533,0.8029,,20338282.5165
"28-Dec-20",8.99,9.1,8.87,9.04,2400412,7.41616,0.8026,,20326452.2019
"29-Dec-20",9.07,9.165,8.8,8.93,2629828,7.398837,0.8029,,20363914.8648
"30-Dec-20",8.94,9.09,8.93,9,2268782,7.381029,0.8032,,20430953.3142
"31-Dec-20",8.95,8.99,8.65,8.86,3259822,7.375211,0.8049,22000849,20421094.7187
"01-Jan-21",,,,,,7.302323,0.8047,,20432925.0333
"04-Jan-21",8.9,9.105,8.72,8.75,3441867,7.251668,0.7945,,20744456.6511
"05-Jan-21",8.78,8.896,8.69,8.71,3029824,7.322492,0.7973,,20919939.651
"06-Jan-21",8.62,8.68,8.15,8.63,9376960,7.00867,0.7973,,20716852.5837
"07-Jan-21",8.61,8.95,8.58,8.91,2921889,7.416856,0.8126,,22018187.1897
"08-Jan-21",8.99,9.01,8.585,8.68,2495521,7.655213,0.8076,,22877856.7173
"11-Jan-21",8.59,8.695,8.48,8.62,1786190,7.586975,0.8098,,22763497.0095
"12-Jan-21",8.67,8.9,8.6,8.87,1484099,7.661883,0.805,,24544147.1444
"13-Jan-21",8.98,9.095,8.715,8.75,3421908,7.576335,0.8033,,24460543.9182
"14-Jan-21",8.86,9.02,8.827,8.96,3218356,7.525512,0.8038,,24475944.5125
"15-Jan-21",8.9,9.24,8.84,9.24,3449966,7.591747,0.8101,27805783,24841158.6059,
"18-Jan-21",,,,,,7.453049,0.8102,,24832358.2663
"19-Jan-21",9.31,9.31,9.01,9.08,3726654,7.433646,0.8128,,24783956.3985
"20-Jan-21",9,9.01,8.66,8.71,4741760,7.266477,0.8141,,24515546.0407
"21-Jan-21",8.71,8.88,8.405,8.65,4280186,7.758392,0.8462,,26409819.1396
"22-Jan-21",8.35,8.44,8.2,8.36,3385144,8.555282,0.9449,,28838712.8692,
"25-Jan-21",8.32,8.35,7.99,8.04,7437303,9.088008,1.0358,,30594380.6194
"26-Jan-21",8.08,8.24,6.7,7.41,24404920,8.433174,0.9952,,30983795.6467
"27-Jan-21",7.22,8.66,7.11,8.62,13816400,8.035787,1.0024,,34451365.137
"28-Jan-21",8.55,9.005,8.5,8.62,11178330,7.886157,1.0115,,34890696.5084
"29-Jan-21",8.69,9.17,8.25,8.94,7068596,7.062463,0.9172,27849468,31754204.186
"01-Feb-21",9.03,9.03,8.68,8.99,3183745,7.186283,0.9397,,32485496.2789,
"02-Feb-21",8.97,8.98,8.61,8.74,4551633,6.451701,0.9299,,29187730.4151
"03-Feb-21",8.75,8.76,8.36,8.44,3222424,6.404797,0.9128,,28931917.2115
"04-Feb-21",8.48,8.645,8.3,8.49,2665653,6.212424,0.9074,,27989301.1678
"05-Feb-21",8.68,8.71,8.36,8.39,2293128,6.30518,0.9025,,27780757.7953
"08-Feb-21",8.4,8.67,8.37,8.64,2138039,6.423029,0.88,,27449868.9776
"09-Feb-21",8.7,8.71,8.555,8.62,1676280,6.469117,0.8744,,24020166.15
"10-Feb-21",8.63,9.02,8.5928,8.74,3282917,6.45009,0.8671,,23674832.7468
"11-Feb-21",8.69,8.91,8.63,8.81,2013318,6.452433,0.8648,,23465961.7368
"12-Feb-21",8.86,9.04,8.82,8.84,2186291,6.409505,0.8382,24051449,23170757.376
"15-Feb-21",,,,,,7.008157,0.8383,,23176327.2696
"16-Feb-21",8.94,9.09,7.955,8.6,7262050,6.862109,0.8347,,23062144.4508
"17-Feb-21",8.55,8.78,8.44,8.58,2246971,6.836044,0.8299,,22922897.1108
"18-Feb-21",8.1,8.15,7.31,7.38,19264740,6.704164,0.8283,,24181693.0644
"19-Feb-21",7.43,7.54,7.22,7.3,10546140,6.710848,0.8271,,25011607.2108
"22-Feb-21",7.33,7.49,7.285,7.39,7793406,7.439963,0.8726,,28671027.306
"23-Feb-21",7.43,7.57,7.12,7.39,5433514,7.645338,0.9008,,29601199.5372
"24-Feb-21",7.43,7.48,7.28,7.32,5214095,7.57802,0.9008,,30725726.0975
"25-Feb-21",7.49,7.94,7.35,7.77,11462450,8.265065,0.9647,,34496993.3007
"26-Feb-21",7.53,7.6,7.2,7.2,6372892,8.092416,0.9721,33037629,34309391.9985
"01-Mar-21",7.38,7.695,7.36,7.52,3977622,8.059569,0.975,,34833713.5867
"02-Mar-21",7.57,7.6,7.41,7.45,2846080,8.097885,0.9794,,35098279.5257
"03-Mar-21",7.47,7.59,7.37,7.56,3540012,7.936751,0.9664,,34679784.3131
"04-Mar-21",7.59,7.95,7.51,7.64,5361414,8.394999,0.9769,,36805932.4047
"05-Mar-21",7.67,7.8,7.55,7.71,3253769,8.51531,0.9929,,37513045.0053
"08-Mar-21",7.87,8.06,7.7599,8.02,3212938,8.479815,0.9928,,37515450.1502
"09-Mar-21",8,8.1358,7.88,7.96,3269069,8.578185,1.0006,,36698198.2932
"10-Mar-21",8,8.13,7.91,7.99,2853105,8.372738,0.9916,,35826004.8876
"11-Mar-21",8,8.08,7.933,7.98,2604468,8.218774,0.9868,,35241238.8543
"12-Mar-21",8.02,8.1,7.95,8.08,2411453,8.150941,0.9869,,35059531.8948
"15-Mar-21",8.03,8.31,8.01,8.24,5588141,8.113756,0.988,33438620,35267668.9575
"16-Mar-21",8.23,8.23,7.99,8.09,4996640,8.044956,0.9894,,35307314.1123
"17-Mar-21",8.09,8.12,8,8.06,3124569,8.234735,1.002,,36222456.4356
"18-Mar-21",8.06,8.21,7.9501,7.97,3299394,8.261647,1.007,,36519795.0966
"19-Mar-21",8.05,8.13,7.8384,8.13,7753531,8.250767,1.0126,,36863386.4382
"22-Mar-21",8.12,8.122,7.975,8.06,3519297,8.270019,1.0184,,37028574.5832
"23-Mar-21",8.07,8.07,7.61,7.66,3724879,8.245324,1.0351,,36658553.1384
"24-Mar-21",7.65,7.9,7.61,7.61,2923340,8.09418,1.0324,,34211052.122
"25-Mar-21",7.55,8.03,7.33,7.95,4897818,8.005296,1.0356,,34264553.914
"26-Mar-21",8,8.05,7.8701,7.9,2880971,7.726368,1.0164,,32850100.288
"29-Mar-21",7.9,8.04,7.89,7.91,2543620,7.76947,1.0346,,33047388.146
"30-Mar-21",7.92,7.95,7.61,7.83,3021896,7.737761,1.0325,,32953760.01
"31-Mar-21",7.79,7.825,7.63,7.76,2624588,7.694428,1.0332,34832323,32809973.944
"01-Apr-21",7.81,7.82,7.57,7.69,2163800,7.667274,0.9988,,32575903.604
"02-Apr-21",,,,,,7.684005,0.9965,,32646124.706
"05-Apr-21",7.7,7.77,7.6,7.76,1904546,7.673386,1.0216,,32435461.4
"06-Apr-21",7.79,7.94,7.77,7.8,2479288,7.642139,1.0166,,32244861.266
"07-Apr-21",6.62,6.6874,6.21,6.21,23316260,8.6612,1.0193,,38233718.108
"08-Apr-21",6.04,6.065,5.68,5.77,17244930,8.717311,1.0086,,40226659.86
"09-Apr-21",5.75,5.9,5.64,5.67,7093584,9.532881,1.0542,,47354543.1185
"12-Apr-21",5.65,5.86,5.65,5.83,4453933,9.434595,1.0599,,47239596.4526
"13-Apr-21",5.79,5.8,5.57,5.7,5046636,9.516748,1.0847,,48155686.5475
"14-Apr-21",5.7,5.9,5.68,5.79,3142492,9.389484,1.0778,,47472973.0167
"15-Apr-21",5.82,5.84,5.67,5.76,3019220,9.464474,1.0875,38604941,47821296.2467
"16-Apr-21",5.77,5.97,5.67,5.88,6211951,9.428676,1.0815,,48026806.9524
"19-Apr-21",5.91,5.92,5.78,5.8,2435621,9.493484,1.0815,,47929276.448
"20-Apr-21",5.78,5.87,5.61,5.66,3430369,9.479753,1.0525,,47817813.0144
"21-Apr-21",5.66,6.05,5.595,6.05,4898569,9.480316,1.054,,47842195.6405
"22-Apr-21",6.03,6.125,5.95,6,3471325,9.311012,1.0241,,46877340.2934
"23-Apr-21",6.01,6.01,5.9,5.91,2291506,9.346939,1.0249,,46908689.3841
"26-Apr-21",5.95,6.01,5.84,5.88,2890635,9.619933,1.0376,,38458242.2242
"27-Apr-21",5.85,5.87,5.71,5.73,2676629,10.218772,1.0394,,38234333.5664
"28-Apr-21",5.74,5.81,5.67,5.72,2352945,10.587557,1.0408,,38184147.1431
"29-Apr-21",5.72,5.82,5.66,5.66,2603273,10.768465,1.0184,,37744050.8157
"30-Apr-21",5.64,5.66,5.46,5.51,5740668,10.782142,1.0212,38275738,37624375.4986
"03-May-21",5.54,5.775,5.52,5.73,3508777,10.829013,0.989,,37848284.1564
"04-May-21",5.74,5.84,5.6,5.72,3440287,11.027098,1.0205,,38570196.5531
"05-May-21",5.72,5.78,5.6,5.69,3972837,11.387141,1.0508,,40010160.8524
"06-May-21",5.66,5.7,5.52,5.62,3326014,11.183461,1.0364,,39431086.7374
"07-May-21",5.58,5.75,5.55,5.74,3448660,11.210504,1.044,,39353876.8554
"10-May-21",5.93,6.38,5.89,5.99,6788749,11.155956,1.0554,,40191604.0751
"11-May-21",5.91,6.17,5.81,6.16,3724312,11.310416,1.0804,,41513865.4348
"12-May-21",6.25,6.3999,6.02,6.06,4539911,11.022155,1.0728,,40798109.1342
"13-May-21",6.06,6.195,6.01,6.16,3011402,10.945779,1.0712,,40622040.7394
"14-May-21",6.16,6.21,6.01,6.2,2555283,11.290272,1.0972,40333874,41582761.7632
"17-May-21",6.23,6.37,6.15,6.33,4120946,11.311434,1.106,,41234452.5474
"18-May-21",6.31,6.39,6.24,6.25,1890583,11.398065,1.1063,,41502382.7134
"19-May-21",6.16,6.18,6.03,6.13,2761685,11.93642,1.1129,,41100487.4644
"20-May-21",6.13,6.13,6.01,6.04,1848580,12.067273,1.1155,,40289041.8188
"21-May-21",6.04,6.055,5.54,5.57,9799108,11.572405,1.1253,,39374251.6806
"24-May-21",5.62,5.65,5.5318,5.59,2703357,12.751888,1.2252,,42466931.311
"25-May-21",5.59,5.66,5.27,5.27,5137453,12.653765,1.2238,,40862247.7494
"26-May-21",5.3,5.34,5.03,5.11,6637135,13.367025,1.2632,,42415101.8984
"27-May-21",5.11,5.325,4.9601,5.12,6320762,14.060155,1.3814,,44605231.2566
"28-May-21",5.17,5.23,5.0834,5.19,2650725,14.441327,1.452,41727621,45536943.746
"31-May-21",,,,,,14.479246,1.4624,,45657945.368
"01-Jun-21",5.21,5.58,5.21,5.46,5513496,14.81977,1.5036,,46932495.7864
"02-Jun-21",5.47,5.77,5.39,5.77,5148811,14.35549,1.4265,,45653911.9806
"03-Jun-21",5.99,6.195,5.98,6.07,7424201,14.145739,1.4662,,45714412.7916
"04-Jun-21",6.03,6.03,5.83,5.91,3106659,14.417662,1.4506,,46525123.659
"07-Jun-21",5.95,6.1,5.885,6.09,3287542,14.588481,1.4664,,46920395.6242
"08-Jun-21",6.11,6.43,6.02,6.36,9072214,13.879897,1.4283,,45375608.25
"09-Jun-21",8.18,11,7.92,8.8,188207500,8.945001,1.5696,,43897457.292
"10-Jun-21",8.07,8.24,7.02,7.05,22259440,8.48561,1.5837,,43309097.8359
"11-Jun-21",7.14,7.51,7.045,7.4,8418908,8.003726,1.5682,,41310344.79
"14-Jun-21",7.3,7.36,6.71,6.83,8910425,7.514114,1.5548,,39695485.8573
"15-Jun-21",6.84,6.96,6.6,6.62,4914379,7.807403,1.4778,33623402,41005733.1567
"16-Jun-21",6.61,7.645,6.57,7.3,14939500,7.41504,1.4292,,39662103.7605
"17-Jun-21",7.24,7.43,7.1,7.2,5337801,7.418444,1.4147,,39708004.1436
"18-Jun-21",7.93,8.05,7.55,7.62,9775095,7.337076,1.4646,,39774768.3372
"21-Jun-21",7.98,8.09,7.595,7.82,5742608,7.078524,1.4317,,38581358.3766
"22-Jun-21",7.67,7.76,7.36,7.39,4073189,6.823289,1.4289,,36903908.0124
"23-Jun-21",7.42,7.42,7.2,7.26,3289201,6.82251,1.4233,,36883044.2019
"24-Jun-21",7.27,7.5,7.25,7.46,2896665,6.627198,1.408,,29329693.5646
"25-Jun-21",7.5,7.59,7.42,7.46,3821602,6.650707,1.3976,,29484361.2138
"28-Jun-21",7.48,7.48,7.32,7.41,2844035,6.560934,1.3927,,29262446.7606
"29-Jun-21",7.3,7.345,6.87,6.9,8681612,6.490573,1.3919,,28980010.1838
"30-Jun-21",6.85,7.14,6.765,7.12,4642427,6.403388,1.388,28385597,28704298.2874
"01-Jul-21",7.15,7.3,7.0899,7.24,3314572,6.362631,1.4017,,28838791.8954
"02-Jul-21",7.215,7.22,6.99,7.09,2935547,5.966807,1.3815,,27087012.6512
"06-Jul-21",7.02,7.0272,6.85,6.99,2527932,5.463339,1.3342,,24830882.377
"07-Jul-21",6.91,7.0799,6.82,7.07,2068870,5.537236,1.2877,,25146942.3558
"08-Jul-21",6.99,7.07,6.86,6.95,2413045,5.760834,1.285,,25123405.9744
"09-Jul-21",7.03,7.35,7.03,7.14,2918817,5.819126,1.2819,,24662765.367
"12-Jul-21",7.14,7.37,6.92,7.17,5071500,5.97408,1.2695,,24933908.4048
"13-Jul-21",7.1,7.11,6.76,6.77,4040204,5.710927,1.2689,,23815515.883
"14-Jul-21",6.73,6.915,6.7031,6.82,2150659,5.622288,1.2488,,23307413.6967
"15-Jul-21",6.79,6.8,6.56,6.7,2994761,5.788849,1.2353,28598202,23991506.5844
"16-Jul-21",6.75,6.795,6.48,6.5,2325196,5.529373,1.2101,,22881629.7417
"19-Jul-21",6.34,6.58,6.18,6.5,3226498,5.620566,1.2122,,23117230.1968
"20-Jul-21",6.51,6.8,6.46,6.71,2681228,5.702151,1.2106,,23463534.4802
"21-Jul-21",6.8,6.92,6.73,6.82,1516068,5.675575,1.208,,23261996.7415
"22-Jul-21",6.72,6.75,6.6222,6.74,1660760,5.656476,1.2143,,23029234.8461
"23-Jul-21",6.75,6.75,6.6,6.68,1280931,5.696702,1.2079,,23086006.0401
"26-Jul-21",6.67,6.84,6.66,6.74,1961651,4.98415,1.1067,,24062527.1628
"27-Jul-21",6.68,6.825,6.6,6.82,1738699,5.178766,1.1046,,24940491.9642
"28-Jul-21",6.85,6.98,6.74,6.85,1507665,4.955868,1.0647,,23808003.165
"29-Jul-21",6.86,7.02,6.86,6.91,1875314,4.898123,1.0761,,23507722.044
"30-Jul-21",6.85,7.005,6.79,6.92,1689219,4.674456,1.0682,28863397,22389532.3458
"02-Aug-21",6.9,7.0201,6.88,6.9,2169735,4.742014,1.0372,,22541102.8164
"03-Aug-21",6.91,6.94,6.695,6.87,2207186,4.702986,1.0485,,22114989.6066
"04-Aug-21",7.07,7.75,6.93,7.52,6277969,4.762182,1.0415,,22526803.7154
"05-Aug-21",7.51,7.72,7.45,7.62,3059348,4.691194,1.0486,,22172186.0106
"06-Aug-21",7.64,7.81,7.57,7.65,2378486,4.636051,1.0414,,21837587.0472
"09-Aug-21",7.63,7.74,7.58,7.67,1582898,4.582858,1.0421,,21683156.7564
"10-Aug-21",7.66,7.68,7.455,7.66,1966076,4.618484,1.0097,,27853178.105
"11-Aug-21",7.72,7.94,7.64,7.93,2068659,4.617473,1.0078,,27567430.4747
"12-Aug-21",8,8.35,7.86,8.32,3450572,4.592719,1.009,,27402909.1118
"13-Aug-21",8.34,8.42,8.14,8.38,3474345,4.571401,1.0059,27940425,27212410.6916
"16-Aug-21",8.3,8.68,8.24,8.48,2833340,4.714337,1.0079,,28332310.4952
"17-Aug-21",8.435,8.68,8.235,8.53,2356260,4.336402,1.0107,,25792331.5592
"18-Aug-21",8.55,8.7,8.46,8.53,1974123,4.356344,1.0141,,25792331.5592
"19-Aug-21",8.47,8.49,8.09,8.1,3106583,4.514786,1.016,,26799664.1145
"20-Aug-21",8.02,8.06,7.87,7.91,2188197,4.471066,1.0157,,26508143.8048
"23-Aug-21",7.91,7.935,7.45,7.66,2415502,4.377628,1.0196,,25829853.9753
"24-Aug-21",7.66,7.8,7.5647,7.71,1415529,4.6777,1.0179,,27990717.765
"25-Aug-21",7.67,7.82,7.65,7.7,1359725,4.701879,1.0071,,28052186.7
"26-Aug-21",7.74,7.755,7.6,7.6,1081063,4.838187,0.9945,,28605407.115
"27-Aug-21",7.62,7.7,7.54,7.65,1211314,4.85041,0.99,,28328796.9075
"30-Aug-21",7.7,7.71,7.565,7.61,1558059,4.958135,0.9901,,28918339.875
"31-Aug-21",7.63,7.78,7.6203,7.75,1746716,4.889009,0.9954,25124980,28189094.7825
"01-Sep-21",7.74,7.87,7.74,7.85,1441805,4.587113,0.9603,,26132679.5025
"02-Sep-21",7.87,7.96,7.84,7.96,1718894,4.695091,0.9884,,26515463.325
"03-Sep-21",7.94,7.96,7.85,7.91,1620129,4.580476,0.9813,,25657692.2775
"06-Sep-21",,,,,,4.553129,0.9813,,25657692.2775
"07-Sep-21",7.91,8.069,7.83,7.83,1663755,4.488442,0.9805,,25003886.3325
"08-Sep-21",7.88,7.88,7.66,7.66,1708084,4.611373,0.9769,,25593429.3
"09-Sep-21",7.63,7.65,7.49,7.51,1603013,4.612618,0.9684,,25143588.4575
"10-Sep-21",7.54,7.5914,7.38,7.4,1492969,8.330494,0.9712,,22145157.372
"13-Sep-21",7.4,7.5,7.28,7.39,2053956,9.036113,0.9891,,21300958.044
"14-Sep-21",7.41,7.41,7.08,7.1,2352740,8.978184,0.9853,,21087395.714
"15-Sep-21",7.11,7.15,7.02,7.09,2504190,9.09644,0.983,25446792,20677858.54
"16-Sep-21",7.17,7.17,7.01,7.02,2300742,9.152914,0.9832,,20524596.162
"17-Sep-21",7,7.03,6.9001,7.01,3568803,9.551574,0.9806,,20137671.47
"20-Sep-21",6.89,7.02,6.84,7,3909156,9.505524,0.9945,,19079909.812
"21-Sep-21",7,7.215,7,7.04,2092726,9.965078,0.9784,,19941696.626
"22-Sep-21",7.11,7.24,7.05,7.05,1692318,10.10297,0.9761,,19733159.292
"23-Sep-21",7.08,7.215,7.06,7.11,896973,10.084792,0.9731,,19321109.62
"24-Sep-21",7.08,7.14,7.04,7.07,925951,9.979659,0.9647,,23187116.8704
"27-Sep-21",7.11,7.315,7.11,7.17,1727628,10.467819,0.9488,,23932707.876
"28-Sep-21",7.19,7.4,7.15,7.39,2877087,10.495755,0.9394,,24065031.1944
"29-Sep-21",7.4,7.56,7.35,7.47,2775406,10.499667,0.9394,,24062486.5152
"30-Sep-21",7.5,7.59,7.4318,7.47,1942381,10.896104,0.9401,25999417,23907261.084
"01-Oct-21",7.53,7.59,7.4,7.41,1377309,11.257543,0.9241,,24166818.3624
"04-Oct-21",7.39,7.489,7.26,7.46,1853816,11.47782,0.9337,,24281328.9264
"05-Oct-21",7.45,7.64,7.36,7.6,2142751,11.554924,0.9343,,24426375.6408
"06-Oct-21",7.58,7.795,7.51,7.75,2697576,11.43769,0.9322,,24253337.4552
"07-Oct-21",7.75,7.92,7.7138,7.8,2026140,11.482271,0.9311,,24266060.8512
"08-Oct-21",7.83,8.58,7.82,8.5,4474598,11.560117,0.9348,,24828434.9544
"11-Oct-21",8.53,8.885,8.485,8.53,2390379,11.597514,0.9343,,26966595.3124
"12-Oct-21",8.48,8.5,8.0016,8.12,1857905,11.775563,0.9348,,27307187.6751
"13-Oct-21",8.1,8.3164,7.96,8.3,1742345,11.806435,0.9271,,26766399.8015
"14-Oct-21",8.35,8.43,8.23,8.36,962832,11.966851,0.9259,,26558404.4655
"15-Oct-21",8.51,8.73,8.31,8.31,2456881,11.292657,0.914,26012205,25115436.822
"18-Oct-21",8.29,8.44,8.18,8.32,1185518,11.908927,0.9228,,26119014.3182
"19-Oct-21",8.35,8.46,8.21,8.37,1837351,11.832608,0.9192,,25895419.332
"20-Oct-21",8.31,8.4777,8.15,8.24,1381945,11.984297,0.92,,25885019.5652
"21-Oct-21",8.24,8.34,8.135,8.31,1366955,12.259409,0.9232,,26228211.8696
"22-Oct-21",8.26,8.37,8.13,8.13,1161499,12.251425,0.924,,26142413.7935
"25-Oct-21",8.05,8.14,7.81,8,1767242,12.212836,0.9296,,26236011.6947
"26-Oct-21",7.9,7.945,7.68,7.68,2149328,12.137897,0.9306,,27016276.113
"27-Oct-21",7.65,7.855,7.6,7.66,1343413,12.273174,0.9305,,27193159.107
"28-Oct-21",7.73,8.08,7.63,8.08,1443773,12.117569,0.9226,,26792571.15
"29-Oct-21",8.02,8.22,7.95,8.18,2401054,11.564795,0.9389,,25736475.627
"01-Nov-21",8.19,8.35,8.055,8.28,2186422,11.468835,0.9249,,25655837.7915
"02-Nov-21",8.29,8.51,8.175,8.5,1764898,11.211687,0.9386,,25018538.769
"03-Nov-21",8.48,9.14,8.44,9.13,5217115
"19-Nov-21",,,,,,,,,,,0