"Date","open INN Price in USD","high INN Price in USD","low INN Price in USD","close INN Price in USD","INN Volume","Days to cover 3m (on loan)","Cost To Borrow","Exchange Reported SI","Estimated Short Interest","Dividends","hidden"
"07-Nov-11",,,,,,,,,,
"16-Nov-11",,,,,,,,,,
"30-Nov-11",,,,,,,,,,
"07-Feb-12",,,,,,,,,,
"15-Feb-12",,,,,,,,,,
"29-Feb-12",,,,,,,,,,
"10-May-12",,,,,,,,,,
"17-May-12",,,,,,,,,,
"31-May-12",,,,,,,,,,
"01-Aug-12",,,,,,,,,,
"09-Aug-12",,,,,,,,,,
"31-Aug-12",,,,,,,,,,
"31-Oct-12",,,,,,,,,,
"09-Nov-12",,,,,,,,,,
"30-Nov-12",,,,,,,,,,
"31-Jan-13",,,,,,,,,,
"11-Feb-13",,,,,,,,,,
"28-Feb-13",,,,,,,,,,
"01-May-13",,,,,,,,,,
"14-May-13",,,,,,,,,,
"31-May-13",,,,,,,,,,
"01-Aug-13",,,,,,,,,,
"14-Aug-13",,,,,,,,,,
"31-Aug-13",,,,,,,,,,
"01-Nov-13",,,,,,,,,,
"13-Nov-13",,,,,,,,,,
"29-Nov-13",,,,,,,,,,
"30-Jan-14",,,,,,,,,,
"12-Feb-14",,,,,,,,,,
"28-Feb-14",,,,,,,,,,
"06-May-14",,,,,,,,,,
"14-May-14",,,,,,,,,,
"30-May-14",,,,,,,,,,
"01-Aug-14",,,,,,,,,,
"13-Aug-14",,,,,,,,,,
"29-Aug-14",,,,,,,,,,
"31-Oct-14",,,,,,,,,,
"12-Nov-14",,,,,,,,,,
"28-Nov-14",,,,,,,,,,
"02-Jan-15",12.52,12.52,12.25,12.46,471396
"05-Jan-15",12.37,12.565,12.33,12.51,495766
"06-Jan-15",12.51,12.62,12.257,12.35,712388
"07-Jan-15",12.5,12.58,12.31,12.53,637578
"08-Jan-15",12.66,12.84,12.52,12.84,699688
"09-Jan-15",12.88,12.93,12.61,12.66,414471
"12-Jan-15",12.62,12.7,12.53,12.64,366036
"13-Jan-15",12.82,12.85,12.61,12.76,476325
"14-Jan-15",12.64,12.95,12.49,12.88,530183
"15-Jan-15",13.02,13.02,12.69,12.82,417083
"16-Jan-15",12.86,13.45,12.86,13.27,1393046
"20-Jan-15",13.3,13.45,13.18,13.25,720999
"21-Jan-15",13.24,13.33,13.041,13.12,440840
"22-Jan-15",13.2,13.46,13.14,13.42,503168
"23-Jan-15",13.44,13.51,13.272,13.49,471911
"26-Jan-15",13.5,13.5,13.35,13.38,234629
"27-Jan-15",13.27,13.445,13.27,13.36,238820
"28-Jan-15",13.43,13.43,13.06,13.12,520288
"29-Jan-15",13.13,13.2,12.94,13.19,544432
"30-Jan-15",13.11,13.2,12.82,12.82,481211,,,,,
"02-Feb-15",12.81,12.84,12.51,12.61,567827
"03-Feb-15",12.63,12.88,12.62,12.76,671767
"04-Feb-15",13.29,13.37,13.16,13.17,3157579
"05-Feb-15",13.2,13.355,13.2,13.21,1597222
"06-Feb-15",13.21,13.249,12.99,13.13,1090962
"09-Feb-15",13.13,13.24,12.84,12.85,9619469
"10-Feb-15",12.85,12.89,12.68,12.77,897853
"11-Feb-15",12.71,12.8,12.56,12.8,597946,,,,,
"12-Feb-15",12.84,12.995,12.77,12.97,503970
"13-Feb-15",13,13.08,12.87,13.05,687463
"17-Feb-15",13.01,13.53,12.99,13.47,1280120
"18-Feb-15",13.41,13.64,13.31,13.64,969221
"19-Feb-15",13.63,13.63,13.12,13.18,818448
"20-Feb-15",13.2,13.26,13.118,13.24,621682
"23-Feb-15",13.27,13.47,13.25,13.47,454626
"24-Feb-15",13.41,13.65,13.27,13.64,816136
"25-Feb-15",13.64,13.8099,13.54,13.64,528208
"26-Feb-15",13.59,13.68,13.42,13.64,1167071
"27-Feb-15",13.59,13.62,13.13,13.13,1408154,,,,,
"02-Mar-15",13.12,13.48,13.12,13.45,807472
"03-Mar-15",13.42,13.61,13.08,13.53,1270276
"04-Mar-15",13.55,13.78,13.47,13.74,831385
"05-Mar-15",13.96,13.96,13.65,13.8,690408
"06-Mar-15",13.66,13.71,13.4,13.45,981670
"09-Mar-15",13.5,13.52,13.26,13.3,565606
"10-Mar-15",13.13,13.18,13.05,13.06,657805
"11-Mar-15",13.1,13.375,13.1,13.35,500396
"12-Mar-15",13.5,13.625,13.43,13.61,420112
"13-Mar-15",13.68,13.77,13.52,13.72,486848
"16-Mar-15",13.81,13.83,13.65,13.65,384205
"17-Mar-15",13.59,13.77,13.59,13.66,644771
"18-Mar-15",13.64,13.915,13.52,13.88,408453
"19-Mar-15",13.81,13.96,13.76,13.93,274877
"20-Mar-15",13.99,14.27,13.93,14.23,966338
"23-Mar-15",14.27,14.42,14.21,14.35,382738
"24-Mar-15",14.35,14.38,13.92,13.98,349769
"25-Mar-15",13.95,14.03,13.62,13.63,419005
"26-Mar-15",13.55,13.75,13.5,13.57,402780
"27-Mar-15",13.57,13.85,13.54,13.83,508824
"30-Mar-15",13.93,14.27,13.88,14.12,407215
"31-Mar-15",14.01,14.07,13.84,14.07,570669
"01-Apr-15",14.07,14.22,13.9029,14.05,413362
"02-Apr-15",13.96,14.12,13.805,13.98,450513
"06-Apr-15",13.97,14.18,13.92,14.09,270450
"07-Apr-15",14.07,14.12,13.9,13.91,410457
"08-Apr-15",13.94,14.055,13.65,13.7,866863
"09-Apr-15",13.7,13.715,13.18,13.23,680839
"10-Apr-15",13.32,13.52,13.29,13.52,471368
"13-Apr-15",13.49,13.6,13.39,13.39,437629
"14-Apr-15",13.45,13.53,13.15,13.19,528015
"15-Apr-15",13.25,13.26,13.02,13.04,544599
"16-Apr-15",13.04,13.16,13,13.15,287470
"17-Apr-15",13.1,13.17,12.76,13.03,499770
"20-Apr-15",13.08,13.22,13.07,13.22,308635
"21-Apr-15",13.27,13.37,13.24,13.35,300632
"22-Apr-15",13.34,13.5,13.28,13.5,357615
"23-Apr-15",13.48,13.71,13.47,13.62,519139
"24-Apr-15",13.67,13.75,13.5537,13.57,274381
"27-Apr-15",13.6,13.7304,13.4,13.51,304081
"28-Apr-15",13.54,13.79,13.49,13.75,446040
"29-Apr-15",13.69,13.76,13.6575,13.71,408137
"30-Apr-15",13.63,13.74,13.06,13.17,670718,,,,,
"01-May-15",13.18,13.42,13.06,13.35,450811
"04-May-15",13.35,13.41,13.07,13.17,363831
"05-May-15",13.07,13.2,12.93,13.03,461225
"06-May-15",13.16,13.17,12.94,13.03,374056
"07-May-15",13.04,13.29,13,13.22,246732
"08-May-15",13.34,13.61,13.28,13.37,410611
"11-May-15",13.34,13.44,13.195,13.21,272777
"12-May-15",13.18,13.315,12.88,13.31,447592
"13-May-15",13.26,13.35,13.06,13.12,513676,,,,,
"14-May-15",13.24,13.45,13.15,13.45,239310
"15-May-15",13.48,13.52,13.35,13.48,298196
"18-May-15",13.41,13.58,13.36,13.55,628139
"19-May-15",13.5,13.52,13.29,13.45,381012
"20-May-15",13.49,13.65,13.41,13.61,333387
"21-May-15",13.59,13.66,13.48,13.63,398616
"22-May-15",13.58,13.69,13.54,13.55,281299
"26-May-15",13.46,13.5,13.4,13.42,347610
"27-May-15",13.48,13.62,13.37,13.59,659065
"28-May-15",13.6,13.62,13.46,13.53,244154
"29-May-15",13.49,13.53,13.35,13.36,827357,,,,,
"01-Jun-15",13.44,13.68,13.32,13.62,336311
"02-Jun-15",13.54,13.78,13.49,13.62,403192
"03-Jun-15",13.66,13.68,13.51,13.57,288739
"04-Jun-15",13.49,13.52,13.25,13.32,679615
"05-Jun-15",13.2,13.28,13.02,13.02,666262
"08-Jun-15",13.06,13.06,12.57,12.66,1254234
"09-Jun-15",12.64,12.76,12.58,12.72,1080718
"10-Jun-15",12.83,13.11,12.78,13.04,868346
"11-Jun-15",13.06,13.065,12.89,12.96,534700
"12-Jun-15",12.94,12.99,12.89,12.95,337099
"15-Jun-15",12.94,12.94,12.74,12.82,494695
"16-Jun-15",12.79,12.96,12.79,12.9,355368
"17-Jun-15",12.94,12.94,12.75,12.89,260568
"18-Jun-15",12.96,13.19,12.94,13.16,412952
"19-Jun-15",13.17,13.25,13.01,13.18,704864
"22-Jun-15",13.22,13.32,13.12,13.15,270787
"23-Jun-15",13.12,13.2,13.01,13.11,553737
"24-Jun-15",13.11,13.15,12.96,12.98,397212
"25-Jun-15",13.05,13.1,12.92,12.99,478708
"26-Jun-15",13.05,13.11,12.84,13.07,1455979
"29-Jun-15",13.05,13.18,12.76,12.77,356365
"30-Jun-15",12.91,13.04,12.77,13.01,975268
"01-Jul-15",13.14,13.27,12.97,13.27,527335
"02-Jul-15",13.35,13.42,13.23,13.36,397668
"06-Jul-15",13.32,13.74,13.29,13.72,557876
"07-Jul-15",13.76,14.1,13.67,13.99,918471
"08-Jul-15",13.84,13.98,13.63,13.77,1130590
"09-Jul-15",13.9,14.04,13.82,13.95,816003
"10-Jul-15",14.08,14.24,13.98,14.19,528890
"13-Jul-15",14.25,14.38,14.05,14.18,574319
"14-Jul-15",14.41,14.41,14.16,14.32,501682
"15-Jul-15",14.27,14.49,14.19,14.28,883421
"16-Jul-15",14.37,14.61,14.37,14.53,489073
"17-Jul-15",14.55,14.61,14.49,14.5,381259
"20-Jul-15",14.28,14.42,14.225,14.28,1270429
"21-Jul-15",14.07,14.27,13.92,13.93,1013215
"22-Jul-15",13.86,14.04,13.82,14.02,461287
"23-Jul-15",14.03,14.03,13.53,13.63,501354
"24-Jul-15",13.57,13.57,13.38,13.49,353508
"27-Jul-15",13.46,13.7,13.38,13.7,321988
"28-Jul-15",13.75,13.77,13.515,13.65,532388
"29-Jul-15",13.61,13.78,13.54,13.67,405017
"30-Jul-15",13.6,13.72,13.55,13.6,494381,,,,,
"31-Jul-15",13.69,13.775,13.566,13.63,430480
"03-Aug-15",13.68,13.78,13.51,13.65,314774
"04-Aug-15",13.73,13.73,12.86,12.89,645143
"05-Aug-15",12.93,13.1,12.7,12.72,615761
"06-Aug-15",12.71,12.71,12.15,12.44,637207
"07-Aug-15",12.34,12.49,12.24,12.33,511647
"10-Aug-15",12.43,12.56,12.29,12.49,453510
"11-Aug-15",12.38,12.56,12.346,12.53,246842
"12-Aug-15",12.2,12.25,12.07,12.25,379137,,,,,
"13-Aug-15",12.51,12.63,12.23,12.35,511924
"14-Aug-15",12.36,12.44,12.18,12.38,240846
"17-Aug-15",12.35,12.58,12.24,12.5,306113
"18-Aug-15",12.47,12.55,12.38,12.45,208576
"19-Aug-15",12.44,12.51,12.26,12.46,307531
"20-Aug-15",12.42,12.58,12.279,12.5,509115
"21-Aug-15",12.23,12.415,11.995,12.21,572620
"24-Aug-15",11.52,12.2,11.51,11.58,566265
"25-Aug-15",11.94,11.94,11.361,11.43,532794
"26-Aug-15",11.66,11.95,11.44,11.82,507684
"27-Aug-15",11.88,12.14,11.62,12.11,591997
"28-Aug-15",12.48,12.71,12.16,12.31,580160
"31-Aug-15",12.2,12.35,12.08,12.13,774041,,,,,
"01-Sep-15",11.91,12.07,11.77,11.86,356381
"02-Sep-15",11.98,12.09,11.83,11.97,336710
"03-Sep-15",12.03,12.22,11.93,12.04,373803
"04-Sep-15",11.85,12.06,11.761,11.88,273075
"08-Sep-15",12.08,12.24,12.01,12.22,233218
"09-Sep-15",12.34,12.36,12.09,12.1,262282
"10-Sep-15",11.97,12.1935,11.85,12.06,321196
"11-Sep-15",12.01,12.24,12.01,12.19,297268
"14-Sep-15",12.25,12.32,12.17,12.26,288644
"15-Sep-15",12.26,12.26,11.97,12.15,188264
"16-Sep-15",12.14,12.24,12.1228,12.18,225320
"17-Sep-15",12.18,12.45,12.1,12.31,336690
"18-Sep-15",12.11,12.26,11.88,11.99,1002365
"21-Sep-15",12.08,12.28,11.95,12.14,346714
"22-Sep-15",12.01,12.08,11.72,11.75,363804
"23-Sep-15",11.81,12.12,11.722,12.06,323996
"24-Sep-15",11.96,12.01,11.84,11.85,333833
"25-Sep-15",11.93,12.05,11.75,11.93,403816
"28-Sep-15",11.89,11.89,11.54,11.59,416509
"29-Sep-15",11.6,11.69,11.47,11.5,310053
"30-Sep-15",11.58,11.69,11.5,11.67,258299
"01-Oct-15",11.67,12.15,11.58,12.12,494500
"02-Oct-15",12.05,12.19,11.7,12.19,501925
"05-Oct-15",12.21,12.425,12.15,12.42,286253
"06-Oct-15",12.39,12.6,12.28,12.4,250639
"07-Oct-15",12.41,12.77,12.41,12.74,680031
"08-Oct-15",12.73,12.9899,12.71,12.95,329220
"09-Oct-15",12.98,12.98,12.76,12.89,233588
"12-Oct-15",12.9,13.05,12.87,12.89,176853
"13-Oct-15",12.85,12.96,12.54,12.63,285586
"14-Oct-15",12.63,12.83,12.51,12.55,253182
"15-Oct-15",12.63,12.9,12.52,12.89,182854
"16-Oct-15",12.94,13.01,12.8,12.99,332002
"19-Oct-15",12.92,13.28,12.86,13.25,302640
"20-Oct-15",13.2,13.46,13.15,13.4,258068
"21-Oct-15",13.37,13.5,12.84,12.91,352613
"22-Oct-15",13.03,13.18,12.92,13.17,350705
"23-Oct-15",13.2,13.2,12.68,12.7,507996
"26-Oct-15",12.71,12.87,12.53,12.71,475342
"27-Oct-15",12.65,12.84,12.58,12.75,311506
"28-Oct-15",12.79,13.27,12.79,13.27,397924
"29-Oct-15",13.2,13.28,13.1,13.24,246210
"30-Oct-15",13.21,13.24,12.93,13.08,278479,,,,,
"02-Nov-15",13.07,13.3,13.01,13.26,290510
"03-Nov-15",13.26,13.75,13.255,13.62,481337
"04-Nov-15",13.63,13.74,13.41,13.5,427043
"05-Nov-15",13.56,13.56,13.405,13.48,260862
"06-Nov-15",13.38,13.6,13.25,13.57,329736
"09-Nov-15",13.43,13.52,13.17,13.4,253389
"10-Nov-15",13.39,13.68,13.305,13.64,471258
"11-Nov-15",13.65,13.74,13.37,13.38,409160
"12-Nov-15",13.22,13.4,13.14,13.17,214982,,,,,
"13-Nov-15",13.07,13.18,12.88,12.89,335972
"16-Nov-15",12.88,12.98,12.74,12.97,272379
"17-Nov-15",13.07,13.12,12.81,12.81,206487
"18-Nov-15",12.84,12.84,12.61,12.81,335106
"19-Nov-15",12.8,12.92,12.64,12.78,135565
"20-Nov-15",12.87,12.93,12.79,12.86,375032
"23-Nov-15",12.83,13.01,12.8,13.01,193803
"24-Nov-15",12.94,13.07,12.77,13.06,151364
"25-Nov-15",13.04,13.3,13.02,13.27,156314
"27-Nov-15",13.25,13.47,13.18,13.47,131043
"30-Nov-15",13.49,13.5999,13.291,13.33,431676,,,,,
"01-Dec-15",13.39,13.56,13.28,13.49,259478
"02-Dec-15",13.46,13.465,12.87,12.92,357873
"03-Dec-15",12.96,13.01,12.48,12.5,409048
"04-Dec-15",12.53,12.82,12.53,12.57,380121
"07-Dec-15",12.56,12.685,12.38,12.54,232198
"08-Dec-15",12.45,12.51,12.11,12.2,501330
"09-Dec-15",12.16,12.47,12.13,12.17,671986
"10-Dec-15",12.18,12.39,12.13,12.32,409294
"11-Dec-15",12.14,12.4,12.03,12.15,682755
"14-Dec-15",12.12,12.26,11.9,12.03,314551
"15-Dec-15",12.11,12.19,12.03,12.1,362058
"16-Dec-15",12.18,12.33,12.1,12.31,592851
"17-Dec-15",12.31,12.34,12.08,12.15,362825
"18-Dec-15",12.15,12.15,11.61,11.64,1138126
"21-Dec-15",11.72,11.96,11.7,11.94,406489
"22-Dec-15",11.97,12.14,11.865,12,415643
"23-Dec-15",12.08,12.15,11.93,12.15,324083
"24-Dec-15",12.15,12.21,12.01,12.12,99584
"28-Dec-15",12.09,12.155,11.9801,12.13,192078
"29-Dec-15",12.17,12.34,12.13,12.31,508659
"30-Dec-15",12.31,12.37,12.15,12.2,288772
"31-Dec-15",12.16,12.18,11.94,11.95,412577
"04-Jan-16",11.66,11.69,11.34,11.43,505671
"05-Jan-16",11.45,11.635,11.34,11.57,846149
"06-Jan-16",11.41,11.51,11.05,11.13,587768
"07-Jan-16",10.88,11.05,10.81,10.82,667172
"08-Jan-16",11.15,11.29,10.75,10.76,749137
"11-Jan-16",10.78,11.125,10.76,11.09,600253
"12-Jan-16",11.19,11.21,10.63,10.7,499792
"13-Jan-16",10.6,10.67,10,10.02,763278
"14-Jan-16",10.09,10.09,9.75,9.8,931796
"15-Jan-16",9.53,9.68,9.16,9.33,952420
"19-Jan-16",9.44,9.49,9.195,9.28,743153
"20-Jan-16",9.12,9.65,9,9.47,1587862
"21-Jan-16",9.46,9.62,9.39,9.5,585877
"22-Jan-16",9.59,9.78,9.42,9.67,668966
"25-Jan-16",9.62,9.92,9.525,9.56,524722
"26-Jan-16",9.64,10.12,9.57,10.1,724129
"27-Jan-16",10.05,10.11,9.79,9.8,447830
"28-Jan-16",9.92,9.99,9.8,9.85,332548
"29-Jan-16",9.9,10.19,9.8901,10.15,682355,,,,,
"01-Feb-16",10.03,10.03,9.7,9.89,408322
"02-Feb-16",9.77,9.77,9.53,9.67,350416
"03-Feb-16",9.75,9.78,9.57,9.77,506035
"04-Feb-16",9.77,9.87,9.67,9.83,522745
"05-Feb-16",9.75,9.83,9.62,9.77,547528
"08-Feb-16",9.64,9.685,9.435,9.61,420865
"09-Feb-16",9.48,9.73,9.44,9.48,521923
"10-Feb-16",9.6,9.9,9.5,9.59,500357
"11-Feb-16",9.32,9.51,9.255,9.34,438412,,,,,
"12-Feb-16",9.46,9.73,9.335,9.65,421185
"16-Feb-16",9.76,9.93,9.71,9.87,368836
"17-Feb-16",9.94,10.305,9.94,10.06,456264
"18-Feb-16",10.09,10.38,10.035,10.24,544379
"19-Feb-16",10.23,10.32,10.18,10.24,336820
"22-Feb-16",10.37,10.53,10.285,10.32,354656
"23-Feb-16",10.27,10.44,10.16,10.22,336872
"24-Feb-16",10.13,10.34,10,10.27,245175
"25-Feb-16",10.76,11.33,10.58,10.75,510802
"26-Feb-16",10.78,10.88,10.64,10.8,437514
"29-Feb-16",10.81,10.93,10.78,10.81,510251,,,,,
"01-Mar-16",10.9,10.94,10.84,10.94,278556
"02-Mar-16",10.93,11.34,10.86,11.33,439852
"03-Mar-16",11.37,11.58,11.29,11.5,432466
"04-Mar-16",11.51,11.8,11.42,11.71,542098
"07-Mar-16",11.68,11.75,11.39,11.59,696123
"08-Mar-16",11.56,11.6,11.42,11.49,665742
"09-Mar-16",11.5,11.6299,11.46,11.55,652581
"10-Mar-16",11.82,11.94,11.45,11.52,473597
"11-Mar-16",11.66,11.83,11.65,11.81,297633
"14-Mar-16",11.79,11.95,11.66,11.75,374724
"15-Mar-16",11.71,11.97,11.65,11.8,329081
"16-Mar-16",11.72,11.9,11.666,11.76,405279
"17-Mar-16",11.74,11.93,11.69,11.82,664856
"18-Mar-16",11.89,12.18,11.88,11.94,589289
"21-Mar-16",11.89,11.93,11.67,11.77,403685
"22-Mar-16",11.73,11.785,11.45,11.53,334915
"23-Mar-16",11.53,11.53,11.22,11.23,463657
"24-Mar-16",11.13,11.38,11.04,11.34,362915
"28-Mar-16",11.41,11.495,11.27,11.39,297808
"29-Mar-16",11.4,11.75,11.39,11.71,506348
"30-Mar-16",11.79,11.83,11.66,11.73,277858
"31-Mar-16",11.71,11.97,11.61,11.97,519139
"01-Apr-16",11.86,11.88,11.65,11.7,330654
"04-Apr-16",11.69,11.8,11.65,11.69,283284
"05-Apr-16",11.6,11.64,11.4,11.42,457902
"06-Apr-16",11.43,11.43,11.25,11.42,326274
"07-Apr-16",11.33,11.51,11.19,11.26,475745
"08-Apr-16",11.34,11.53,11.31,11.36,172042
"11-Apr-16",11.44,11.5,11.24,11.31,860219
"12-Apr-16",11.38,11.65,11.36,11.5,336097
"13-Apr-16",11.55,11.59,11.49,11.58,551104
"14-Apr-16",11.55,11.58,11.46,11.55,358646
"15-Apr-16",11.51,11.57,11.5,11.53,311954
"18-Apr-16",11.5,11.55,11.44,11.5,349444
"19-Apr-16",11.5,11.55,11.4,11.5,305793
"20-Apr-16",11.49,11.5,11.25,11.32,260164
"21-Apr-16",11.35,11.36,11.1,11.19,293126
"22-Apr-16",11.24,11.31,11.04,11.06,423001
"25-Apr-16",11.06,11.27,10.99,11.26,296288
"26-Apr-16",11.35,11.49,11.27,11.43,228212
"27-Apr-16",11.39,11.57,11.3437,11.55,396569
"28-Apr-16",11.55,11.61,11.425,11.5,884441
"29-Apr-16",11.49,11.49,11.29,11.4,396699,,,,,
"02-May-16",11.57,11.64,11.41,11.58,584407
"03-May-16",11.49,11.65,11.31,11.53,655962
"04-May-16",11.6,12.33,11.3,12.03,1183378
"05-May-16",12.04,12.3,11.91,12.26,1125830
"06-May-16",12.22,12.62,12.11,12.61,733725
"09-May-16",12.61,12.78,12.59,12.69,547893
"10-May-16",12.79,12.94,12.675,12.92,573436
"11-May-16",12.87,13,12.52,12.54,627550
"12-May-16",12.39,12.595,12.26,12.28,1059126,,,,,
"13-May-16",12.25,12.31,12.14,12.26,550735
"16-May-16",12.31,12.53,12.31,12.51,593378
"17-May-16",12.42,12.58,12.18,12.27,983166
"18-May-16",12.24,12.27,11.77,11.97,477848
"19-May-16",11.95,11.95,11.36,11.52,422760
"20-May-16",11.54,11.64,11.51,11.59,444448
"23-May-16",11.62,11.66,11.41,11.48,359947
"24-May-16",11.58,11.74,11.45,11.67,561654
"25-May-16",11.66,11.805,11.57,11.79,451514
"26-May-16",11.82,11.87,11.63,11.64,283208
"27-May-16",11.69,11.78,11.57,11.7,344451
"31-May-16",11.73,11.76,11.54,11.7,579743,,,,,
"01-Jun-16",11.76,11.92,11.7,11.72,711059
"02-Jun-16",11.71,11.94,11.71,11.92,424137
"03-Jun-16",11.99,12.15,11.87,11.89,420947
"06-Jun-16",11.9,12,11.75,11.91,339579
"07-Jun-16",11.94,12.1,11.88,11.94,292654
"08-Jun-16",12.03,12.225,12,12.21,289766
"09-Jun-16",12.25,12.33,12.1601,12.29,463998
"10-Jun-16",12.31,12.31,11.98,12.06,297193
"13-Jun-16",12.08,12.25,12.01,12.17,394697
"14-Jun-16",12.15,12.25,12.08,12.19,349098
"15-Jun-16",12.2,12.44,12.16,12.3,301883
"16-Jun-16",12.2,12.54,12.2,12.52,375723
"17-Jun-16",12.52,12.72,12.29,12.71,721968
"20-Jun-16",12.8,13,12.74,12.75,468415
"21-Jun-16",12.75,12.79,12.53,12.71,576645
"22-Jun-16",12.68,12.79,12.61,12.73,455024
"23-Jun-16",12.82,13,12.79,12.88,323437
"24-Jun-16",12.51,12.81,12.25,12.4,934261
"27-Jun-16",12.26,12.3899,11.9,12,663686
"28-Jun-16",12.08,12.415,12.07,12.38,550031
"29-Jun-16",12.56,13,12.49,12.99,694824
"30-Jun-16",13.03,13.24,12.83,13.24,882198
"01-Jul-16",13.24,13.4,13.2,13.29,521411
"05-Jul-16",13.22,13.3,13.06,13.09,374026
"06-Jul-16",13.07,13.25,12.92,13.22,411213
"07-Jul-16",13.22,13.34,13.09,13.34,524989
"08-Jul-16",13.43,13.68,13.38,13.52,534679
"11-Jul-16",13.6,14.02,13.47,13.97,601731
"12-Jul-16",14.01,14.26,13.87,14.24,705134
"13-Jul-16",14.35,14.35,13.74,13.77,713138
"14-Jul-16",13.83,13.92,13.68,13.7,497018
"15-Jul-16",13.77,13.98,13.59,13.96,611196
"18-Jul-16",14,14.4,13.95,14.22,995298
"19-Jul-16",14.03,14.31,14.03,14.22,556813
"20-Jul-16",14.28,14.28,14.07,14.09,417032
"21-Jul-16",14.07,14.32,14.07,14.23,412133
"22-Jul-16",14.26,14.3719,14.26,14.32,496556
"25-Jul-16",14.35,14.439,14.3,14.35,481103
"26-Jul-16",14.39,14.39,13.97,14.08,666003
"27-Jul-16",14.08,14.11,13.78,13.9,465315
"28-Jul-16",13.86,14.13,13.76,14,299478
"29-Jul-16",13.93,14.21,13.915,14.18,1105744,,,,,
"01-Aug-16",14.19,14.24,14.01,14.11,551485
"02-Aug-16",14.08,14.16,13.85,13.92,652165
"03-Aug-16",13.85,14.15,13.51,14.05,513711
"04-Aug-16",14.19,14.19,13.86,13.94,523826
"05-Aug-16",14,14.11,13.88,14.02,869502
"08-Aug-16",14.15,14.58,14.11,14.32,835248
"09-Aug-16",14.33,14.43,14.27,14.37,784271
"10-Aug-16",14.4,14.4,14.06,14.18,675386
"11-Aug-16",14.21,14.21,13.91,14.01,571720
"12-Aug-16",13.86,14.105,13.85,14.02,308306,,,,,
"15-Aug-16",14.09,14.11,13.99,14.02,438240
"16-Aug-16",13.95,14.06,13.93,13.94,310056
"17-Aug-16",13.96,13.97,13.68,13.77,427587
"18-Aug-16",13.79,13.97,13.73,13.81,276934
"19-Aug-16",13.79,13.995,13.75,13.98,300023
"22-Aug-16",13.98,14.14,13.87,14.14,369943
"23-Aug-16",14.18,14.34,14.17,14.25,334126
"24-Aug-16",14.26,14.26,14.06,14.21,330454
"25-Aug-16",14.19,14.338,14.13,14.24,340484
"26-Aug-16",14.26,14.4,14.1,14.22,283245
"29-Aug-16",14.36,14.57,14.24,14.31,302791
"30-Aug-16",14.29,14.33,14.16,14.3,294514
"31-Aug-16",14.26,14.39,14.16,14.3,630454,,,,,
"01-Sep-16",14.31,14.32,14.02,14.16,358023
"02-Sep-16",14.27,14.43,13.875,13.94,572831
"06-Sep-16",13.98,14,13.52,13.73,766916
"07-Sep-16",13.78,13.84,13.53,13.79,711296
"08-Sep-16",13.75,13.75,13.535,13.61,553216
"09-Sep-16",13.37,13.43,12.97,13.25,660000
"12-Sep-16",13.22,13.455,13.21,13.43,512220
"13-Sep-16",13.35,13.35,12.97,13.17,457856
"14-Sep-16",13.23,13.46,13.14,13.36,523277
"15-Sep-16",13.34,13.58,13.305,13.57,410257
"16-Sep-16",13.5,13.6,13.3,13.44,1342777
"19-Sep-16",13.45,13.57,13.35,13.44,445515
"20-Sep-16",13.55,13.5999,13.35,13.44,299355
"21-Sep-16",13.54,13.54,13.18,13.49,436134
"22-Sep-16",13.6,13.71,13.51,13.67,524909
"23-Sep-16",13.67,13.86,13.48,13.83,345149
"26-Sep-16",13.83,13.83,13.39,13.4,231389
"27-Sep-16",13.46,13.46,13.15,13.2,273763
"28-Sep-16",13.26,13.42,13.19,13.42,367416
"29-Sep-16",13.34,13.43,13.18,13.25,334846
"30-Sep-16",13.33,13.33,13.05,13.16,600339
"03-Oct-16",13.12,13.25,13.01,13.24,558737
"04-Oct-16",13.26,13.52,13.06,13.1,657128
"05-Oct-16",13.1,13.15,12.77,12.83,764050
"06-Oct-16",12.82,13,12.68,12.98,578965
"07-Oct-16",13.04,13.19,12.73,12.81,398189
"10-Oct-16",12.86,13.05,12.86,12.95,650063
"11-Oct-16",12.97,13.02,12.66,12.76,527538
"12-Oct-16",12.77,12.92,12.73,12.92,464061
"13-Oct-16",12.95,13.15,12.95,13.09,468026
"14-Oct-16",13.12,13.26,13.02,13.04,268505
"17-Oct-16",13.05,13.25,13.05,13.09,194307
"18-Oct-16",13.21,13.24,13,13.21,407986
"19-Oct-16",13.21,13.59,13.12,13.58,477510
"20-Oct-16",13.54,13.56,13.2,13.36,318175
"21-Oct-16",13.2,13.32,13.14,13.2,289920
"24-Oct-16",13.26,13.45,13.26,13.35,206915
"25-Oct-16",13.3,13.32,13.17,13.24,226317
"26-Oct-16",13.19,13.21,12.93,12.95,294981
"27-Oct-16",12.98,12.98,12.63,12.68,506413
"28-Oct-16",12.66,12.76,12.62,12.7,511692
"31-Oct-16",12.75,13.02,12.675,12.99,829772,,,,,
"01-Nov-16",13.11,13.14,12.77,12.84,695552
"02-Nov-16",12.86,12.99,12.74,12.74,539382
"03-Nov-16",13.07,13.07,12.51,12.57,396866
"04-Nov-16",12.55,12.84,12.45,12.74,308513
"07-Nov-16",12.91,12.97,12.8,12.9,341301
"08-Nov-16",12.84,13.14,12.8092,13.07,249839
"09-Nov-16",12.86,13.25,12.6256,13.19,618135
"10-Nov-16",13.31,13.38,13.03,13.3,686707
"11-Nov-16",13.35,13.93,13.25,13.78,739489
"14-Nov-16",13.68,14.4,13.62,14.25,642192,,,,,
"15-Nov-16",14.21,14.24,13.85,14.14,438648
"16-Nov-16",14.14,14.24,13.9,14.1,2622111
"17-Nov-16",14.17,14.42,14.06,14.14,460199
"18-Nov-16",14.11,14.22,13.97,13.99,623000
"21-Nov-16",14.07,14.13,13.94,13.98,514807
"22-Nov-16",14.08,14.185,14.045,14.14,582248
"23-Nov-16",14.08,14.28,14.01,14.18,558130
"25-Nov-16",14.16,14.33,14.1,14.19,150226
"28-Nov-16",14.24,14.33,14.105,14.16,562642
"29-Nov-16",14.13,14.34,14.12,14.24,395481
"30-Nov-16",14.24,14.3,14.099,14.22,627849,,,,,
"01-Dec-16",14.24,14.37,14.11,14.18,605550
"02-Dec-16",14.25,14.7,14.075,14.53,1240394
"05-Dec-16",14.7,14.83,14.5,14.81,850884
"06-Dec-16",14.74,15.0361,14.74,14.96,837116
"07-Dec-16",14.99,15.345,14.96,15.25,1011315
"08-Dec-16",15.25,15.5,15.05,15.39,1087863
"09-Dec-16",15.41,15.47,15,15.15,1487177
"12-Dec-16",15.05,15.14,14.891,15.12,1590141
"13-Dec-16",15.23,15.29,15,15.14,1532309
"14-Dec-16",15.17,15.2,14.84,14.9,1065229
"15-Dec-16",14.89,15.07,14.7,14.76,1346276
"16-Dec-16",14.89,15.6335,14.89,15.47,3493375
"19-Dec-16",15.53,16.08,15.525,16.04,1446551
"20-Dec-16",16.16,16.3,15.8,15.84,931998
"21-Dec-16",15.84,15.94,15.61,15.69,487213
"22-Dec-16",15.65,15.79,15.54,15.69,370538
"23-Dec-16",15.71,15.81,15.69,15.76,324895
"27-Dec-16",15.76,15.97,15.76,15.78,270431
"28-Dec-16",15.78,15.85,15.61,15.68,398927
"29-Dec-16",15.73,15.97,15.73,15.92,537157
"30-Dec-16",15.9,16.09,15.76,16.03,601828
"02-Jan-17",,,,,,0.460138
"03-Jan-17",16.1,16.16,15.835,16.12,509023,0.466528
"04-Jan-17",16.19,16.33,16.11,16.29,548170,0.455431
"05-Jan-17",16.17,16.2025,15.84,15.92,414363,0.483899
"06-Jan-17",15.95,15.95,15.66,15.85,589448,0.477932
"09-Jan-17",15.9,15.9,15.42,15.48,557083,0.42715
"10-Jan-17",15.47,15.67,15.44,15.57,589860,0.438465
"11-Jan-17",15.61,15.64,15.45,15.55,409522,0.424332
"12-Jan-17",15.56,15.6,15.25,15.54,367199,0.43463
"13-Jan-17",15.69,15.84,15.55,15.73,420170
"17-Jan-17",15.89,16,15.65,15.84,468993
"18-Jan-17",15.87,15.91,15.68,15.91,384154
"19-Jan-17",15.9,15.909,15.45,15.69,348070
"20-Jan-17",15.63,15.93,15.63,15.89,528664
"23-Jan-17",15.94,16,15.77,15.95,332557
"24-Jan-17",16.05,16.16,15.93,16.05,487532,,,,,
"25-Jan-17",16.13,16.18,16.01,16.12,416494
"26-Jan-17",16.18,16.4,16.13,16.36,453721
"27-Jan-17",16.36,16.36,15.99,16.1,322597
"30-Jan-17",16.09,16.09,15.66,15.66,462677
"31-Jan-17",15.62,15.865,15.585,15.83,791107
"01-Feb-17",15.85,16.08,15.67,15.77,787632
"02-Feb-17",15.73,15.76,15.505,15.73,852248
"03-Feb-17",15.86,16.06,15.71,15.98,523863
"06-Feb-17",15.98,15.99,15.725,15.85,486103
"07-Feb-17",15.87,16.07,15.7,15.77,361437
"08-Feb-17",15.76,16.01,15.64,15.97,529836
"09-Feb-17",15.9,16,15.85,15.9,476827
"10-Feb-17",15.75,15.96,15.6801,15.87,472941,,,,,
"13-Feb-17",15.94,15.96,15.765,15.91,336615
"14-Feb-17",15.81,16.12,15.71,16.07,540865
"15-Feb-17",15.99,16.14,15.87,16.11,505862
"16-Feb-17",16.13,16.27,16.09,16.18,535523
"17-Feb-17",16.23,16.23,15.77,15.94,1200820
"21-Feb-17",16.09,16.389,15.93,16.31,867579
"22-Feb-17",16.34,16.39,16.15,16.26,661932
"23-Feb-17",16.32,16.3288,16.02,16.17,464789
"24-Feb-17",15.85,16.19,15.66,15.96,677833
"27-Feb-17",15.85,16.11,15.8,16,750428
"28-Feb-17",15.95,15.95,15.36,15.39,934603,,,,,
"01-Mar-17",15.45,15.62,15.33,15.48,703265
"02-Mar-17",15.46,15.47,15.33,15.44,488628
"03-Mar-17",15.85,15.85,15.19,15.4,938745
"06-Mar-17",15.35,15.54,15.24,15.39,942735
"07-Mar-17",15.37,15.49,15.29,15.38,668530
"08-Mar-17",15.34,15.445,15.27,15.4,861677
"09-Mar-17",15.34,15.55,15.3,15.35,1131922
"10-Mar-17",15.41,15.47,15.05,15.21,1706693
"13-Mar-17",15.32,15.61,15.18,15.42,1053952
"14-Mar-17",15.34,15.485,15.27,15.38,628333
"15-Mar-17",15.42,15.7,15.42,15.63,878731
"16-Mar-17",15.63,15.75,15.58,15.67,639356
"17-Mar-17",15.78,15.89,15.555,15.6,4740406
"20-Mar-17",15.63,15.835,15.32,15.45,649276
"21-Mar-17",15.44,15.45,15.12,15.32,887084
"22-Mar-17",15.33,15.45,15.05,15.32,565610
"23-Mar-17",15.3,15.61,15.225,15.43,524489
"24-Mar-17",15.41,15.61,15.34,15.37,465956
"27-Mar-17",15.26,15.5,15.26,15.46,1110892
"28-Mar-17",15.43,15.47,15.12,15.46,630962
"29-Mar-17",15.43,15.7,15.37,15.7,545059
"30-Mar-17",15.72,15.98,15.63,15.93,643820
"31-Mar-17",15.9,16.1,15.89,15.98,1071508
"03-Apr-17",15.98,15.98,15.46,15.6,688505
"04-Apr-17",15.57,15.755,15.51,15.61,586814
"05-Apr-17",15.65,15.77,15.54,15.54,497890
"06-Apr-17",15.55,15.76,15.4,15.74,372336
"07-Apr-17",15.71,15.81,15.52,15.55,693846
"10-Apr-17",15.54,15.835,15.49,15.77,415574
"11-Apr-17",15.77,15.98,15.72,15.98,430601
"12-Apr-17",15.96,16.0242,15.68,16.01,830389
"13-Apr-17",16.04,16.23,15.99,16.21,821868
"17-Apr-17",16.26,16.34,16.205,16.34,446555
"18-Apr-17",16.34,16.4,16.255,16.36,676267
"19-Apr-17",16.39,16.69,16.39,16.53,771926
"20-Apr-17",16.54,16.67,16.38,16.67,689151
"21-Apr-17",16.74,16.89,16.6475,16.77,1096370
"24-Apr-17",16.92,16.97,16.66,16.88,851214
"25-Apr-17",16.94,17.16,16.9018,17.08,594846
"26-Apr-17",17.05,17.45,17.01,17.26,716564
"27-Apr-17",17.33,17.42,17.17,17.2,531135
"28-Apr-17",17.23,17.23,16.51,16.53,648564,,,,,
"01-May-17",16.61,16.94,16.525,16.85,921483
"02-May-17",16.86,17.01,16.83,17.01,514339
"03-May-17",16.96,17.09,16.7108,16.92,750969
"04-May-17",16.98,17.29,16.6,16.92,742022
"05-May-17",16.96,17.1575,16.945,17.14,583419
"08-May-17",17.19,17.27,16.9,17.13,495461
"09-May-17",17.15,17.23,17.0299,17.17,819839
"10-May-17",16.62,16.97,16.61,16.8,8381244
"11-May-17",16.76,16.85,16.58,16.59,2508099
"12-May-17",16.5,16.53,16.15,16.22,3005459,,,,,
"15-May-17",16.27,16.62,16.27,16.41,1479623
"16-May-17",16.47,16.625,16.39,16.54,1260193
"17-May-17",16.42,16.66,16.386,16.56,1412370
"18-May-17",16.61,16.99,16.43,16.9,1043178
"19-May-17",16.92,17.21,16.81,17.15,1625958
"22-May-17",17.19,17.57,17.07,17.51,1101046
"23-May-17",17.54,17.69,17.49,17.6,1624943
"24-May-17",17.61,17.72,17.501,17.64,1043104
"25-May-17",17.85,18.03,17.8,17.95,1235569
"26-May-17",17.96,18.08,17.902,18.04,846537
"30-May-17",18,18.075,17.86,17.86,1245235
"31-May-17",17.91,17.97,17.61,17.9,1453362,,,,,
"01-Jun-17",17.94,18.15,17.77,18.1,1099415
"02-Jun-17",18.17,18.35,18.13,18.3,912955
"05-Jun-17",18.3,18.34,18.021,18.11,849373
"06-Jun-17",18.07,18.19,17.945,18.13,1166695
"07-Jun-17",18.14,18.22,18.04,18.18,864459
"08-Jun-17",18.18,18.56,18.06,18.54,923109
"09-Jun-17",18.68,19.05,18.61,19.01,1461705
"12-Jun-17",19,19.15,18.64,18.75,1186397
"13-Jun-17",18.84,19.1,18.69,19.1,814850
"14-Jun-17",19.13,19.15,18.705,18.91,1173036
"15-Jun-17",18.76,19.025,18.73,18.95,690678
"16-Jun-17",18.78,19.01,18.78,18.89,2761213
"19-Jun-17",19.01,19.07,18.85,19,824442
"20-Jun-17",19.05,19.09,18.86,18.91,921785
"21-Jun-17",18.86,19.04,18.78,18.93,746706
"22-Jun-17",18.93,18.97,18.845,18.9,630859
"23-Jun-17",18.9,19.19,18.83,19.09,2203604
"26-Jun-17",19.15,19.295,19.11,19.22,752808
"27-Jun-17",19.22,19.29,18.9,18.93,686815
"28-Jun-17",19.03,19.39,18.995,19.09,730355
"29-Jun-17",19.1,19.16,18.55,18.65,841394
"30-Jun-17",18.75,18.77,18.56,18.65,819222
"03-Jul-17",18.77,19.1,18.66,19.03,418067,1.614223
"04-Jul-17",,,,,,1.6048
"05-Jul-17",19.08,19.08,18.78,18.89,1102648,1.534315
"06-Jul-17",18.79,18.87,18.29,18.44,1285709,1.544267
"07-Jul-17",18.45,18.64,18.42,18.47,755010,1.464067
"10-Jul-17",18.43,18.52,18.03,18.05,670922,1.562405
"11-Jul-17",18.18,18.21,17.8793,18.13,1012730,1.483471
"12-Jul-17",18.27,18.41,18.2,18.26,656481,1.38812
"13-Jul-17",18.24,18.35,18.11,18.21,820213,1.301927
"14-Jul-17",17.67,17.99,17.66,17.8,1634697,1.347229
"17-Jul-17",17.68,18.25,17.64,18.21,1099620,1.367099
"18-Jul-17",18.18,18.21,18.01,18.11,729768,1.448398
"19-Jul-17",18.12,18.305,18.09,18.29,705314,1.267083
"20-Jul-17",18.3,18.3,17.87,17.88,644462,1.302811
"21-Jul-17",18.05,18.07,17.79,17.85,643081,1.470135
"24-Jul-17",17.83,17.83,17.64,17.65,513779,1.495653
"25-Jul-17",17.73,17.8,17.645,17.68,1280534,1.459188
"26-Jul-17",17.68,17.75,17.46,17.51,641554,1.528994
"27-Jul-17",17.56,17.66,17.24,17.56,759877,1.364591
"28-Jul-17",17.58,17.82,17.55,17.79,590518,1.270984,,,,
"31-Jul-17",17.87,17.96,17.685,17.93,736710,1.315124
"01-Aug-17",18.03,18.08,17.855,18.08,609376,1.273647
"02-Aug-17",18.04,18.065,17.75,17.95,817401,1.398984
"03-Aug-17",17.42,17.48,16.17,16.26,2319304,1.630937
"04-Aug-17",16.1,16.47,16.07,16.37,1128437,1.602836
"07-Aug-17",16.3,16.58,16.3,16.5,1033725,1.758154
"08-Aug-17",16.35,16.42,15.77,15.81,988937,2.245989
"09-Aug-17",15.56,15.77,15.425,15.43,956243,1.916968
"10-Aug-17",15.52,15.69,15.47,15.53,985696
"11-Aug-17",15.27,15.73,15.27,15.71,1367929
"14-Aug-17",15.42,15.45,14.98,15.1,1801451,,,,,
"15-Aug-17",15.17,15.24,15.06,15.1,810193
"16-Aug-17",15.07,15.22,15.05,15.18,817401
"17-Aug-17",15.16,15.26,14.84,14.88,1199436
"18-Aug-17",14.77,14.86,14.63,14.69,750070
"21-Aug-17",14.69,14.73,14.535,14.71,470008
"22-Aug-17",14.76,14.905,14.61,14.61,1327023
"23-Aug-17",14.62,14.695,14.23,14.46,2318464
"24-Aug-17",14.57,14.69,14.53,14.58,1219508
"25-Aug-17",14.67,14.74,14.56,14.68,686063
"28-Aug-17",14.76,14.805,14.58,14.66,846993
"29-Aug-17",14.61,14.81,14.59,14.66,721493
"30-Aug-17",14.62,14.82,14.58,14.81,502508
"31-Aug-17",14.9,14.95,14.795,14.84,681130,,,,,
"01-Sep-17",14.82,15.05,14.82,14.99,569603
"05-Sep-17",14.97,14.98,14.62,14.67,617482
"06-Sep-17",14.7,14.88,14.601,14.73,913612
"07-Sep-17",14.79,14.79,14.66,14.71,481911
"08-Sep-17",14.68,15.05,14.68,14.88,494266
"11-Sep-17",14.98,15.27,14.97,15.17,881914
"12-Sep-17",15.18,15.36,15.12,15.23,473988
"13-Sep-17",15.24,15.38,15.09,15.37,774588
"14-Sep-17",15.34,15.415,15.215,15.4,861627
"15-Sep-17",15.46,15.53,15.31,15.5,1479097
"18-Sep-17",15.48,15.48,15.11,15.19,1325398
"19-Sep-17",15.18,15.21,15.05,15.2,835492
"20-Sep-17",15.2,15.52,15.17,15.49,989414
"21-Sep-17",15.45,15.65,15.4,15.42,835513
"22-Sep-17",15.44,15.51,15.295,15.36,525968
"25-Sep-17",15.4,15.755,15.4,15.46,600857
"26-Sep-17",16.25,16.39,15.87,15.96,1269773
"27-Sep-17",16.02,16.17,15.9334,16.02,1506687
"28-Sep-17",15.95,16.03,15.77,15.99,651940
"29-Sep-17",15.96,16.09,15.925,15.99,854621
"02-Oct-17",15.96,16.035,15.9375,16,699901,1.631129,0.535
"03-Oct-17",16.03,16.05,15.77,15.77,813560,1.606595,0.5672
"04-Oct-17",15.8,15.8,15.5934,15.69,685120,1.672482,0.5471
"05-Oct-17",15.73,15.9,15.67,15.73,855384,1.646071,0.5352
"06-Oct-17",15.73,15.82,15.65,15.82,698949,1.680245,0.5327
"09-Oct-17",15.82,15.87,15.65,15.71,748362,1.691067,0.5327
"10-Oct-17",15.8,16.145,15.8,16.07,1075733,1.642794,0.5241
"11-Oct-17",16.05,16.1,15.83,15.84,676763,1.688565,0.5254
"12-Oct-17",15.81,16.1,15.78,16.05,880598,1.826199,0.5161
"13-Oct-17",16.14,16.15,15.89,16.11,669425,1.712926,0.5065
"16-Oct-17",16.2,16.3,16.09,16.12,500367,1.809782,0.5066
"17-Oct-17",16.12,16.175,15.905,15.96,773908,1.891032,0.5041
"18-Oct-17",15.97,16.29,15.93,16.2,489236,1.889169,0.4995
"19-Oct-17",16.21,16.355,16.15,16.28,452993,1.959312,0.4974
"20-Oct-17",16.39,16.39,15.89,15.9,648099,2.037568,0.4991
"23-Oct-17",15.93,15.95,15.6,15.61,574871,2.01752,0.4979
"24-Oct-17",15.63,15.68,15.52,15.67,1386450,1.921347,0.4966
"25-Oct-17",15.63,15.76,15.57,15.65,470235,1.944626,0.4987
"26-Oct-17",15.74,15.79,15.57,15.69,430062,2.191073,0.502
"27-Oct-17",15.7,15.81,15.63,15.7,403327,2.225475,0.5053
"30-Oct-17",16.35,16.35,15.69,15.97,1032971,2.238394,0.5107,,,
"31-Oct-17",16.29,16.29,15.38,15.81,972885,2.213976,0.5071
"01-Nov-17",15.78,16,15.71,15.78,496093,2.176035,0.5103
"02-Nov-17",15.84,15.91,15.53,15.67,725224,2.176347,0.5554
"03-Nov-17",15.66,15.7,15.51,15.54,587365,2.258676,0.5121
"06-Nov-17",15.59,15.6,15.44,15.52,795214,2.325111,0.5173
"07-Nov-17",15.54,15.88,15.365,15.44,643095,2.491942,0.5168
"08-Nov-17",15.32,15.8,15.32,15.77,418844,2.795378,0.5222
"09-Nov-17",15.66,15.72,15.38,15.49,773508,2.800756,0.5214
"10-Nov-17",15.41,15.52,15.265,15.29,705169,2.888513,0.5291
"13-Nov-17",15.2,15.28,15.06,15.21,848946,3.421611,0.5371
"14-Nov-17",15.19,15.26,14.93,14.95,654327,3.16978,0.544
"15-Nov-17",14.74,15.075,14.74,14.96,831279,3.740965,0.5395,,,
"16-Nov-17",14.95,15.43,14.86,15.41,1199728,3.9374,0.5372
"17-Nov-17",15.34,15.385,15.28,15.32,868686,3.272424,0.5273
"20-Nov-17",15.05,15.24,14.8401,15.2,994534,2.900443,0.5208
"21-Nov-17",15.34,15.49,15.26,15.39,564156,3.218956,0.5265
"22-Nov-17",15.48,15.59,15.33,15.37,494402,3.380369,0.5357
"23-Nov-17",,,,,,3.415029,0.5357
"24-Nov-17",15.45,15.52,15.37,15.44,284702,3.620911,0.5327
"27-Nov-17",15.4,15.44,15.135,15.2,466393,3.686133,0.534
"28-Nov-17",15.19,15.19,14.735,14.88,963939,3.70778,0.5384
"29-Nov-17",14.9,15.17,14.9,14.99,505594,3.744683,0.5302
"30-Nov-17",15.05,15.12,14.84,15.11,993756,3.673699,0.5326,,,
"01-Dec-17",15.17,15.42,14.91,15.09,722372,3.563567,0.5286
"04-Dec-17",15.28,15.79,15.26,15.31,1071941,3.646287,0.5373
"05-Dec-17",15.3,15.3,15.07,15.13,549327,3.643702,0.534
"06-Dec-17",15.17,15.35,14.975,15,505476,3.832384,0.5593
"07-Dec-17",14.97,15.07,14.88,15,419593,3.729854,0.5566
"08-Dec-17",15.07,15.07,14.85,14.96,346910,3.847171,0.5542
"11-Dec-17",15,15.05,14.9,14.94,334807,3.987601,0.5597
"12-Dec-17",15.03,15.08,14.9,14.91,258673,4.082544,0.5526
"13-Dec-17",14.95,15.1,14.93,14.96,334615,3.952504,0.5466
"14-Dec-17",15,15,14.73,14.82,736307,3.988449,0.5542
"15-Dec-17",14.83,15.11,14.83,15.01,1717135,4.289107,0.5504
"18-Dec-17",15.07,15.45,15.07,15.45,1283324,4.16921,0.5583
"19-Dec-17",15.46,15.49,15.1,15.13,657978,4.102255,0.5429
"20-Dec-17",15.14,15.25,15.08,15.16,586217,4.699014,0.5285
"21-Dec-17",15.23,15.27,15.06,15.25,556979,4.725842,0.5271
"22-Dec-17",15.35,15.4,15.18,15.24,850280,4.686866,0.5265
"25-Dec-17",,,,,,4.66688,0.5265
"26-Dec-17",15.18,15.28,15.18,15.24,232628,4.764511,0.5282
"27-Dec-17",15.3,15.41,15.19,15.36,469224,5.230103,0.5339
"28-Dec-17",15.39,15.5,15.15,15.41,849759,5.316346,0.5355
"29-Dec-17",15.46,15.47,15.2,15.23,841545,5.409468,0.5373
"01-Jan-18",,,,,,5.428186,0.5373
"02-Jan-18",15.26,15.33,15.08,15.24,619416,5.284402,0.5372
"03-Jan-18",15.24,15.274,15.05,15.13,455112,5.677385,0.5591
"04-Jan-18",15.17,15.17,14.97,14.99,700165,5.678049,0.5588
"05-Jan-18",15.05,15.1,14.94,15.05,561480,5.696677,0.5403
"08-Jan-18",15,15.34,14.94,15.31,453610,5.508854,0.5374
"09-Jan-18",15.33,15.335,15.11,15.18,635101,5.546656,0.5382
"10-Jan-18",15.1,15.23,14.96,15.16,442038,5.654271,0.5403
"11-Jan-18",15.22,15.57,15.15,15.52,3440985,5.201289,0.5369
"12-Jan-18",15.52,15.535,15.26,15.28,696146,4.729033,0.554
"15-Jan-18",,,,,,5.142069,0.5956
"16-Jan-18",15.33,15.63,15.33,15.46,1259188,4.958776,0.5999
"17-Jan-18",15.52,16.15,15.45,16.05,1192244,4.764518,0.5967
"18-Jan-18",15.98,15.98,15.37,15.45,1065739,4.162051,0.5967
"19-Jan-18",15.4,15.7,15.37,15.56,928096,3.970458,0.5973
"22-Jan-18",15.6,15.78,15.53,15.73,604853,3.915941,0.5961
"23-Jan-18",15.76,15.87,15.62,15.87,349437,3.720624,0.6052
"24-Jan-18",15.91,15.94,15.71,15.83,479657,3.72295,0.6106
"25-Jan-18",15.84,15.95,15.74,15.81,592156,3.743589,0.6117
"26-Jan-18",15.88,15.93,15.7,15.86,331351,3.695913,0.6163
"29-Jan-18",15.86,15.88,15.64,15.71,394077,3.808667,0.6135
"30-Jan-18",15.63,15.72,15.57,15.67,571554,3.775685,0.6137
"31-Jan-18",15.74,15.75,15.48,15.49,781678,3.780597,0.612
"01-Feb-18",15.48,15.59,15.38,15.4,660826,3.757297,0.6047
"02-Feb-18",15.31,15.4,15.12,15.2,928164,3.737528,0.608
"05-Feb-18",15.11,15.17,14.4,14.4,703685,3.91524,0.6075,,,
"06-Feb-18",14.19,14.74,14.03,14.63,1267664,4.454293,0.5961
"07-Feb-18",14.59,14.9,14.5,14.5,599385,4.287199,0.5952
"08-Feb-18",14.5,14.5,14,14.01,911404,4.084142,0.582
"09-Feb-18",14.1,14.56,13.94,14.42,801533,4.104813,0.586
"12-Feb-18",14.44,14.51,13.97,14.39,793256,4.05406,0.5843
"13-Feb-18",14.29,14.45,14.13,14.39,507300,4.017944,0.5865
"14-Feb-18",14.2,14.43,14.17,14.42,452494,4.23687,0.5987
"15-Feb-18",14.28,14.39,14.2167,14.35,482678,4.670538,0.5908,,,
"16-Feb-18",14.33,14.5,14.27,14.43,1158539,4.794184,0.5912
"19-Feb-18",,,,,,4.85625,0.5912
"20-Feb-18",14.4,14.43,14.1,14.19,479002,4.237811,0.589
"21-Feb-18",13.98,14.3,13.86,13.89,747386,3.95586,0.5969
"22-Feb-18",14.35,14.35,13.82,14.04,683775,3.813428,0.6016
"23-Feb-18",14.09,14.17,13.96,14.05,465708,3.760994,0.6021
"26-Feb-18",13.93,14.01,13.71,13.82,1694462,3.600012,0.6029
"27-Feb-18",13.73,13.82,13.34,13.46,1738824,3.406308,0.6037
"28-Feb-18",13.5,13.54,13.13,13.17,1170788,3.765415,0.5938,,,
"01-Mar-18",13.14,13.21,12.77,12.94,1074408,4.034374,0.5893
"02-Mar-18",12.84,13.05,12.79,12.87,899690,4.500293,0.5994
"05-Mar-18",12.84,13.0199,12.81,12.97,941678,3.736104,0.595
"06-Mar-18",12.97,13.08,12.89,13.04,687755,3.797405,0.5984
"07-Mar-18",12.97,13.21,12.97,13.15,1200629,3.830947,0.5885
"08-Mar-18",13.19,13.21,12.93,13.01,733332,3.81065,0.5931
"09-Mar-18",13.11,13.29,12.97,13.27,1048436,3.981518,0.5705
"12-Mar-18",13.27,13.44,13.22,13.43,642099,3.916565,0.5729
"13-Mar-18",13.49,13.565,13.42,13.5,988805,4.054286,0.5694
"14-Mar-18",13.53,13.545,13.41,13.46,436055,4.215492,0.5748
"15-Mar-18",13.49,13.56,13.3501,13.45,383121,4.472185,0.5653
"16-Mar-18",13.45,13.63,13.4,13.6,1204960,4.538843,0.5611
"19-Mar-18",13.59,13.68,13.29,13.42,679444,4.843348,0.5636
"20-Mar-18",13.41,13.55,13.35,13.4,344065,4.930877,0.5701
"21-Mar-18",13.42,13.43,13.23,13.35,658171,4.906215,0.5629
"22-Mar-18",13.23,13.48,13.19,13.21,863645,4.756979,0.5624
"23-Mar-18",13.2,13.2,12.875,12.89,803586,4.898699,0.7639
"26-Mar-18",13.02,13.04,12.81,13,565752,4.984743,0.5677
"27-Mar-18",13.03,13.155,12.8,13.01,568809,4.95658,0.5661
"28-Mar-18",13.14,13.66,13.125,13.61,1087728,4.98413,0.5639
"29-Mar-18",13.63,13.7,13.53,13.61,1200317,4.944743,0.5602
"30-Mar-18",,,,,,4.946075,0.5602
"02-Apr-18",13.6,13.675,13.33,13.48,1011234,4.903836,0.558
"03-Apr-18",13.53,13.975,13.46,13.81,740137,4.93262,0.5554
"04-Apr-18",13.71,13.82,13.615,13.79,983151,5.29784,0.5517
"05-Apr-18",13.83,13.83,13.66,13.68,929420,5.201084,0.5525
"06-Apr-18",13.62,13.82,13.59,13.63,741337,4.992027,0.5505
"09-Apr-18",13.64,13.67,13.49,13.49,594609,4.895909,0.5502
"10-Apr-18",13.56,13.57,13.36,13.41,617108,5.400701,0.5471
"11-Apr-18",13.31,13.705,13.2726,13.64,604506,5.38701,0.5435
"12-Apr-18",14.26,14.39,13.86,14.25,1195729,5.773682,0.5455
"13-Apr-18",14.34,14.485,14.24,14.4,792059,5.686998,0.5464
"16-Apr-18",14.52,14.72,14.44,14.61,783449,5.568201,0.5435
"17-Apr-18",14.7,14.77,14.58,14.73,663732,5.846558,0.5382
"18-Apr-18",14.77,14.78,14.655,14.7,422404
"19-Apr-18",14.69,14.73,14.575,14.67,580327,5.862687,0.5451
"20-Apr-18",14.61,14.79,14.61,14.63,415270,7.956883,0.5406
"23-Apr-18",14.67,14.69,14.43,14.51,497006,6.086688,0.5395
"24-Apr-18",14.54,14.59,14.45,14.58,498057,6.138073,0.5334
"25-Apr-18",14.53,14.64,14.41,14.58,625914,6.028404,0.531
"26-Apr-18",14.63,14.63,14.39,14.48,620084,6.034385,0.5338
"27-Apr-18",14.46,14.64,14.44,14.57,257692,6.090227,0.5316
"30-Apr-18",14.66,14.66,14.45,14.48,557881,6.084108,0.5293,,,
"01-May-18",14.45,14.645,14.305,14.56,426095,6.00573,0.5299
"02-May-18",14.59,14.59,14.345,14.55,674233,5.88557,0.5285
"03-May-18",14.44,14.605,14.18,14.3,586586,5.925813,0.5254
"04-May-18",14.27,14.45,14.2,14.36,509248,6.065259,0.5255
"07-May-18",14.29,14.625,14.28,14.56,524828,6.140183,0.5214
"08-May-18",14.61,14.86,14.492,14.77,583843,6.281631,0.5158
"09-May-18",14.79,14.858,14.605,14.78,476457,6.310013,0.5173
"10-May-18",14.84,14.92,14.78,14.92,461678,6.512547,0.5183
"11-May-18",14.93,14.95,14.77,14.84,690956,6.539633,0.5159
"14-May-18",14.86,14.89,14.74,14.8,726677,6.420759,0.513
"15-May-18",14.57,14.66,14.43,14.44,860330,7.844431,0.5341,,,
"16-May-18",14.49,14.53,14.26,14.51,688766,7.983022,0.5341
"17-May-18",14.55,14.665,14.51,14.6,245867,7.036397,0.5188
"18-May-18",14.67,14.76,14.56,14.75,383234,6.918403,0.5114
"21-May-18",14.88,14.88,14.67,14.85,491146,6.933839,0.5119
"22-May-18",14.83,14.95,14.76,14.84,435217,6.921915,0.5109
"23-May-18",14.85,15.09,14.78,15.08,845851,7.018423,0.5119
"24-May-18",15.11,15.3,15.05,15.24,422005,6.876366,0.5118
"25-May-18",15.29,15.39,15.115,15.36,565076
"28-May-18",,,,,,7.21952,0.5118
"29-May-18",15.34,15.3811,15.13,15.3,441840,7.110365,0.5106
"30-May-18",15.35,15.52,15.32,15.34,470531,7.217014,0.5096
"31-May-18",15.34,15.36,15.18,15.29,864905,7.256739,0.5077,,,
"01-Jun-18",15.34,15.47,15.27,15.38,803551,7.191823,0.5075
"04-Jun-18",15.44,15.61,15.37,15.46,478194,7.17355,0.5065
"05-Jun-18",15.44,15.47,15.07,15.08,773083
"06-Jun-18",15.09,15.16,14.885,14.95,879615,7.154648,0.5132
"07-Jun-18",14.94,14.955,14.66,14.67,1142613,6.815761,0.5175
"08-Jun-18",14.64,14.73,14.39,14.51,875194,6.570629,0.5191
"11-Jun-18",14.48,14.56,14.25,14.3,697175,6.521603,0.5199
"12-Jun-18",14.31,14.31,14.11,14.16,845716,6.221364,0.5225
"13-Jun-18",14.18,14.24,14.04,14.06,620482,6.027399,0.5285
"14-Jun-18",14.1,14.25,14.05,14.22,603704,5.784914,0.5321
"15-Jun-18",14.21,14.29,14.125,14.15,906688,5.894189,0.5516
"18-Jun-18",14.11,14.245,14.08,14.21,872180,5.785995,0.522
"19-Jun-18",14.17,14.3,14.1,14.18,632001,5.860926,0.5262
"20-Jun-18",14.22,14.49,14.19,14.49,358694
"21-Jun-18",14.49,14.49,14.32,14.41,280283,5.970872,0.5222
"22-Jun-18",14.45,14.52,14.27,14.41,946900,6.412335,0.527
"25-Jun-18",14.4,14.5025,14.35,14.41,609332,6.313564,0.5257
"26-Jun-18",14.42,14.43,14.22,14.38,605370
"27-Jun-18",14.35,14.415,14.26,14.28,649861,6.692115,0.4941
"28-Jun-18",14.31,14.37,14.2,14.34,939722,6.639455,0.4895
"29-Jun-18",14.31,14.38,14.2,14.31,606825
"02-Jul-18",14.3,14.3,14.03,14.23,425156,7.573838,0.4926
"03-Jul-18",14.27,14.555,14.19,14.52,348160,7.929429,0.4921
"04-Jul-18",,,,,,7.949575,0.4921
"05-Jul-18",14.55,14.62,14.45,14.62,480983,8.145751,0.4958
"06-Jul-18",14.63,14.8,14.62,14.74,420940,8.203412,0.4947
"09-Jul-18",14.76,14.76,14.37,14.43,777897,8.312936,0.4946
"10-Jul-18",14.44,14.605,14.38,14.41,494424,8.400764,0.4887
"11-Jul-18",14.37,14.415,14.26,14.28,464853,8.151115,0.4869
"12-Jul-18",14.31,14.35,14.11,14.3,709777,8.030198,0.4891
"13-Jul-18",14.34,14.45,14.3,14.32,475223,8.213067,0.4907
"16-Jul-18",14.26,14.37,14.11,14.15,514877
"17-Jul-18",14.12,14.19,13.945,13.96,615324,8.119435,0.4849
"18-Jul-18",13.95,14.02,13.81,14.02,446437
"19-Jul-18",13.98,14.27,13.96,14.24,359098
"20-Jul-18",14.23,14.32,14.11,14.17,328146,8.227466,0.4414
"23-Jul-18",14.15,14.28,14.04,14.27,378616,8.198029,0.4404
"24-Jul-18",14.31,14.31,13.99,14.04,523746,8.214734,0.4401
"25-Jul-18",14.02,14.03,13.761,13.83,605711,8.325045,0.4426
"26-Jul-18",13.91,14.02,13.765,13.9,363060,8.400803,0.4433
"27-Jul-18",13.87,13.87,13.62,13.66,401694,8.61436,0.4459
"30-Jul-18",13.65,13.84,13.61,13.81,469498,8.679248,0.4498,,,
"31-Jul-18",13.86,14.19,13.77,14.15,689212
"01-Aug-18",14.11,14.17,13.88,14.13,398284,9.102074,0.4341
"02-Aug-18",14.38,14.79,13.83,14.2,758220,9.239728,0.4358
"03-Aug-18",14.1,14.17,13.69,13.74,583091
"06-Aug-18",13.74,13.82,13.63,13.73,503475,9.547532,0.4139
"07-Aug-18",13.77,13.77,13.56,13.62,326028,9.736331,0.4156
"08-Aug-18",13.59,13.65,13.42,13.46,390897,9.824799,0.4158
"09-Aug-18",13.44,13.52,13.38,13.44,325495,9.821433,0.4142
"10-Aug-18",13.43,13.6,13.38,13.45,424703,9.81947,0.4172
"13-Aug-18",13.45,13.4561,13.28,13.29,423126,9.925326,0.4182
"14-Aug-18",13.28,13.51,13.28,13.5,563817,9.967843,0.4183
"15-Aug-18",13.38,13.68,13.3361,13.54,802021,10.104469,0.4179,,,
"16-Aug-18",13.51,13.7542,13.5,13.55,701689,10.309944,0.4568
"17-Aug-18",13.5,13.65,13.445,13.64,467325,10.133865,0.4168
"20-Aug-18",13.68,13.71,13.53,13.6,330578,10.017242,0.4163
"21-Aug-18",13.6,13.75,13.5507,13.69,527646,10.058728,0.4178
"22-Aug-18",13.63,13.81,13.63,13.8,375322,10.039636,0.4196
"23-Aug-18",13.8,13.865,13.66,13.66,412144,10.468276,0.4256
"24-Aug-18",13.69,13.69,13.565,13.6,361977,10.71573,0.4275
"27-Aug-18",13.61,13.645,13.54,13.62,459361,10.690381,0.4272
"28-Aug-18",13.64,13.73,13.6,13.73,448251,10.653337,0.4295
"29-Aug-18",13.75,14.09,13.75,13.98,663320,10.703341,0.4342
"30-Aug-18",14.01,14.01,13.84,13.89,382020,10.569133,0.4342
"31-Aug-18",13.85,13.89,13.69,13.73,526814,10.54143,0.4362,,,
"03-Sep-18",,,,,,10.698758,0.4362
"04-Sep-18",13.73,13.75,13.35,13.36,501634,10.581451,0.4386
"05-Sep-18",13.37,13.63,13.29,13.55,461669,10.396238,0.4411
"06-Sep-18",13.63,13.66,13.5,13.58,405523,10.583671,0.446
"07-Sep-18",13.54,13.6444,13.48,13.58,309446,10.645765,0.4436
"10-Sep-18",13.65,13.66,13.42,13.43,272352,10.793972,0.4393
"11-Sep-18",13.4,13.46,13.295,13.42,336564,10.815143,0.4309
"12-Sep-18",13.44,13.48,13.305,13.43,388342
"13-Sep-18",13.51,13.62,13.45,13.53,340227,11.207529,0.4345
"14-Sep-18",13.52,13.53,13.27,13.44,456137,11.44611,0.4311
"17-Sep-18",13.45,13.53,13.325,13.42,341186,11.582099,0.4299
"18-Sep-18",13.4,13.44,13.27,13.3,412737,11.449904,0.4288
"19-Sep-18",13.3,13.325,13.03,13.13,468359,11.621687,0.4291
"20-Sep-18",13.17,13.37,13.08,13.37,356725,11.529046,0.428
"21-Sep-18",13.35,13.455,13.28,13.35,877470,11.461197,0.4306
"24-Sep-18",13.35,13.35,13.03,13.27,510291,11.597359,0.4336
"25-Sep-18",13.29,13.5,13.28,13.4,769446,11.390523,0.4362
"26-Sep-18",13.43,13.58,13.33,13.33,794301,11.449641,0.4376
"27-Sep-18",13.38,13.51,13.32,13.4,474919,11.575173,0.4334
"28-Sep-18",13.4,13.54,13.35,13.53,600431,11.675081,0.4734
"01-Oct-18",13.54,13.61,13.36,13.46,631032,11.811672,0.4369
"02-Oct-18",13.45,13.5,13.25,13.38,344976,11.989295,0.4383
"03-Oct-18",13.4,13.52,13.36,13.43,464409,12.061047,0.4391
"04-Oct-18",13.4,13.45,13.02,13.02,436404,12.052401,0.4403
"05-Oct-18",13.05,13.07,12.77,12.81,524382,11.986874,0.44
"08-Oct-18",12.86,13.26,12.86,13.19,478551,11.962761,0.44
"09-Oct-18",13.16,13.2488,13.06,13.12,358367,11.664386,0.4307
"10-Oct-18",13.12,13.19,12.93,12.94,383554,11.620703,0.4348
"11-Oct-18",12.94,12.99,12.61,12.69,611495,11.448679,0.4303
"12-Oct-18",12.78,12.805,12.33,12.39,534437,11.321018,0.4333
"15-Oct-18",12.38,12.58,12.35,12.37,732405,11.515613,0.4409
"16-Oct-18",12.38,12.67,12.29,12.64,486831,11.129783,0.4507
"17-Oct-18",12.6,12.61,12.29,12.33,593650,11.02955,0.4465
"18-Oct-18",12.29,12.32,11.89,11.95,554069,10.907138,0.4446
"19-Oct-18",11.92,12.1187,11.81,12.04,432098,10.797088,0.4444
"22-Oct-18",12.1,12.12,11.8449,11.87,610158,10.44325,0.4428
"23-Oct-18",11.48,11.59,10.91,11.17,1655601,10.235089,0.4454
"24-Oct-18",11.24,11.31,11,11,1066707,9.875388,0.4485
"25-Oct-18",11.05,11.45,10.95,11.35,733306,9.504364,0.4676
"26-Oct-18",11.25,11.53,11.13,11.35,1018086,,,,,
"29-Oct-18",11.45,11.59,11.44,11.56,713244
"30-Oct-18",11.56,11.85,11.47,11.54,785128
"31-Oct-18",11.54,11.62,10.95,11.52,1048507
"01-Nov-18",11.42,11.81,11.42,11.46,886649
"02-Nov-18",11.55,11.59,11.26,11.3,636647
"05-Nov-18",11.3,11.59,11.3,11.46,675784,8.246,0.463
"06-Nov-18",11.6,11.73,11.265,11.38,721552,8.303603,0.465
"07-Nov-18",11.38,11.67,11.225,11.66,563868,8.120935,0.4629
"08-Nov-18",11.62,11.79,11.48,11.69,657267,8.354483,0.4713
"09-Nov-18",11.65,11.81,11.58,11.67,738439,8.606014,0.4703
"12-Nov-18",11.69,11.89,11.5,11.52,697515,8.452912,0.4692
"13-Nov-18",11.55,11.68,11.21,11.28,719232,8.764841,0.4772
"14-Nov-18",11.38,11.46,11.02,11.2,725659,9.131047,0.4841
"15-Nov-18",10.98,10.99,10.75,10.94,1391471,10.443607,0.5195,,,
"16-Nov-18",10.88,11.04,10.83,11.03,902821,10.917666,0.5229
"19-Nov-18",11.01,11.08,10.765,10.87,481448,9.1544,0.5119
"20-Nov-18",10.81,10.91,10.77,10.83,640106,8.275704,0.5042
"21-Nov-18",10.86,11.035,10.75,10.84,336346,8.416399,0.5013
"22-Nov-18",,,,,,8.408008,0.5014
"23-Nov-18",10.79,10.81,10.6902,10.75,250623,8.32505,0.5065
"26-Nov-18",10.85,11.02,10.81,10.84,429152,8.270574,0.5079
"27-Nov-18",10.85,11.005,10.83,10.89,368254,8.299445,0.5094
"28-Nov-18",10.9,11.13,10.75,11.08,647370,8.148703,0.5008
"29-Nov-18",11.05,11.2,10.985,11.09,406293,8.213227,0.503
"30-Nov-18",11.07,11.2,10.89,11.15,1087117,7.989101,0.5063,,,
"03-Dec-18",11.24,11.27,10.95,11.24,384106,8.142586,0.5052
"04-Dec-18",11.19,11.22,10.88,10.94,738645,8.091333,0.5036
"05-Dec-18",,,,,,8.470228,0.5108
"06-Dec-18",10.88,11.27,10.68,11.12,1473898,8.38152,0.5108
"07-Dec-18",11.12,11.17,10.925,10.96,404746,8.3374,0.5108
"10-Dec-18",10.97,10.97,10.66,10.74,567321,7.960711,0.5115
"11-Dec-18",10.79,10.95,10.62,10.62,736481,8.078061,0.5182
"12-Dec-18",10.71,10.87,10.44,10.44,611298,8.00671,0.5141
"13-Dec-18",10.45,10.54,10.4,10.41,453874,8.025019,0.5127
"14-Dec-18",10.38,10.6,10.34,10.41,463974,7.894373,0.5121
"17-Dec-18",10.41,10.76,10.375,10.41,1254499,7.813499,0.5132
"18-Dec-18",10.5,10.64,10.42,10.6,795693,7.826684,0.5134
"19-Dec-18",10.63,10.73,10.21,10.23,665858
"20-Dec-18",10.11,10.21,9.77,9.84,813265,7.988469,0.5183
"21-Dec-18",9.84,9.995,9.77,9.77,3844205,7.511035,0.5108
"24-Dec-18",9.7,9.8068,9.55,9.55,431764
"25-Dec-18",,,,,,7.658751,0.5272
"26-Dec-18",9.55,9.8,9.49,9.77,889625
"27-Dec-18",9.64,9.67,9.29,9.67,695939
"28-Dec-18",9.7,9.88,9.63,9.67,694455
"31-Dec-18",9.67,9.73,9.53,9.73,494821,8.156226,0.5197
"02-Jan-19",9.64,9.8,9.44,9.68,718646
"03-Jan-19",9.68,9.86,9.54,9.56,692699
"04-Jan-19",9.66,10.07,9.63,10,833906
"07-Jan-19",9.78,10.05,9.58,10.03,1330123,8.024413,0.5099
"08-Jan-19",10.05,10.31,10,10.22,1040932,8.014958,0.5104
"09-Jan-19",10.25,10.46,10.17,10.46,760639,7.975738,0.5073
"10-Jan-19",10.45,10.645,10.325,10.39,830163,8.073696,0.5029
"11-Jan-19",10.36,10.47,10.255,10.45,642300,8.259575,0.5054
"14-Jan-19",10.41,10.555,10.36,10.55,624242,8.213698,0.4999
"15-Jan-19",10.58,10.675,10.51,10.53,457969,8.047863,0.4981
"16-Jan-19",10.55,10.74,10.55,10.64,451083,8.237914,0.5006
"17-Jan-19",10.62,10.74,10.6,10.73,583395,8.551058,0.5039
"18-Jan-19",10.76,10.87,10.69,10.86,700993,8.475859,0.5037
"21-Jan-19",,,,,,8.38486,0.5038
"22-Jan-19",10.82,10.8647,10.65,10.79,675247,8.537659,0.5011
"23-Jan-19",10.85,10.92,10.55,10.56,725613,8.618491,0.5013
"24-Jan-19",10.58,10.675,10.495,10.55,596509,9.016936,0.5106
"25-Jan-19",10.59,10.79,10.56,10.75,391084,9.025803,0.5322
"28-Jan-19",10.69,10.98,10.69,10.92,458373,8.998538,0.5359
"29-Jan-19",10.91,11.015,10.81,10.91,833732,8.997217,0.5345
"30-Jan-19",10.94,11.11,10.92,11.04,501730,9.109716,0.5361
"31-Jan-19",10.99,11.18,10.91,11.17,782533,9.055713,0.5409
"01-Feb-19",11.17,11.2,10.79,11.1,813604,9.312671,0.54,,,
"04-Feb-19",11.09,11.29,11.04,11.28,496201,9.593681,0.5405
"05-Feb-19",11.27,11.36,11.23,11.33,455511,9.754325,0.5386
"06-Feb-19",11.34,11.46,11.3,11.39,351136,9.994686,0.5377
"07-Feb-19",11.36,11.42,11.27,11.39,571239,10.038777,0.5391
"08-Feb-19",11.3,11.36,11.01,11.07,380660,10.194144,0.5376
"11-Feb-19",11.14,11.25,11.09,11.24,486842,10.367296,0.5406
"12-Feb-19",11.25,11.34,11.07,11.09,503360,10.429846,0.542
"13-Feb-19",10.98,11.225,10.93,11.18,495316,10.653641,0.5791,,,
"14-Feb-19",11.16,11.23,10.95,11.19,632198,10.872342,0.5423
"15-Feb-19",11.24,11.43,11.2085,11.37,482285,10.732393,0.5416,9174847
"18-Feb-19",,,,,,10.962044,0.5416
"19-Feb-19",11.37,11.44,11.28,11.38,414073,11.195678,0.5431
"20-Feb-19",11.39,11.62,11.35,11.62,697395,11.231944,0.5415
"21-Feb-19",11.62,11.72,11.56,11.7,507318,11.349477,0.5428
"22-Feb-19",11.7,11.94,11.7,11.93,658468,11.351491,0.5407
"25-Feb-19",11.98,11.98,11.67,11.67,597119,11.335137,0.542
"26-Feb-19",11.67,11.76,11.485,11.51,413902,11.55475,0.5432
"27-Feb-19",12.13,12.33,11.685,11.76,974603,11.561669,0.5428,,9845528.3157
"28-Feb-19",11.77,11.77,11.37,11.39,1040022,11.461181,0.5413,9198211,9910669.7294,
"01-Mar-19",11.45,11.51,11.25,11.36,746977,11.623713,0.5411,,10058384.7661
"04-Mar-19",11.35,11.54,11.35,11.49,472473,11.530967,0.5431,,9998748.2606
"05-Mar-19",11.49,11.65,11.48,11.55,309103,11.646283,0.5442,,9997830.7759
"06-Mar-19",11.57,11.68,11.46,11.46,333771,11.778197,0.5461,,10023520.3475
"07-Mar-19",11.5,11.5,11.26,11.32,564912,12.021652,0.5475,,10013428.0158
"08-Mar-19",11.28,11.35,11.22,11.29,424154,12.109456,0.5477,,10090496.7306
"11-Mar-19",11.33,11.56,11.235,11.53,595746,12.262727,0.5471,,9490714.1098
"12-Mar-19",11.54,11.56,11.21,11.26,766561,12.393587,0.5488,,9598333.1785
"13-Mar-19",11.3,11.48,11.29,11.38,556744,12.491912,0.5496,,9661800.8344
"14-Mar-19",11.4,11.45,11.31,11.38,689017,12.236564,0.5472,,9517388.9217
"15-Mar-19",11.41,11.44,11.175,11.21,844554,12.100538,0.548,9185860,9497152.8575
"18-Mar-19",11.22,11.47,11.22,11.39,727315,12.434282,0.5499,,9637885.4858
"19-Mar-19",11.45,11.455,11.15,11.22,341442,12.340589,0.5415,,9461279.8346
"20-Mar-19",11.22,11.32,11.08,11.11,409033,12.509846,0.5436,,9532106.0593
"21-Mar-19",11.06,11.39,11.05,11.35,1311403,12.275065,0.5398,,9465878.9401
"22-Mar-19",11.29,11.33,10.98,10.99,464636,13.272776,0.5399,,9407010.3897
"25-Mar-19",10.95,11.14,10.82,10.99,498103,13.281236,0.541,,9429086.0961
"26-Mar-19",11,11.15,10.89,11.14,814386,12.877748,0.54,,8884563.792
"27-Mar-19",11.09,11.49,11.09,11.43,1078873,13.008719,0.5393,,9018677.348
"28-Mar-19",11.47,11.61,11.36,11.56,712552,12.902747,0.5398,,8948864.812
"29-Mar-19",11.6,11.64,11.36,11.41,617221,12.706209,0.5476,9016446,8795460.95
"01-Apr-19",11.47,11.6,11.35,11.59,482489,12.992435,0.5497,,8990201.182
"02-Apr-19",11.58,11.66,11.4748,11.63,538821,12.884624,0.5474,,8894668.238
"03-Apr-19",11.68,11.71,11.56,11.65,471018,13.025458,0.5449,,8936004.608
"04-Apr-19",11.67,11.795,11.66,11.79,473890,12.97384,0.5461,,8851494.696
"05-Apr-19",11.81,11.99,11.7639,11.97,462609,13.139065,0.5466,,8879970.862
"08-Apr-19",11.93,11.99,11.74,11.79,463604,13.598922,0.5466,,8986526.838
"09-Apr-19",11.79,11.87,11.56,11.57,418915,13.884878,0.5445,,9253578.5298
"10-Apr-19",11.6,11.825,11.6,11.81,516194,14.018654,0.5321,,9281529.5124
"11-Apr-19",11.81,11.87,11.6,11.68,271739,14.631198,0.5352,,9542104.8018
"12-Apr-19",11.75,11.77,11.66,11.74,244396,14.713509,0.53,,9492514.3488
"15-Apr-19",11.77,11.8303,11.635,11.7,298786,14.674972,0.5289,9269997,9382513.7076
"16-Apr-19",11.74,11.75,11.62,11.65,296425,14.775327,0.5292,,9404153.178
"17-Apr-19",11.7,11.7,11.53,11.63,379624,14.893798,0.5312,,9460956.7878
"18-Apr-19",11.61,11.74,11.57,11.7,569330,14.733882,0.5299,,9355464.3696
"19-Apr-19",,,,,,14.761489,0.5227,,9338333.1222
"22-Apr-19",11.62,11.63,11.23,11.37,803931,14.663239,0.5464,,9337431.4776
"23-Apr-19",11.42,11.65,11.355,11.55,771364,14.659086,0.527,,9359972.5926
"24-Apr-19",11.49,11.63,11.49,11.58,252932,14.59629,0.5292,,9087378.0591
"25-Apr-19",11.52,11.61,11.4,11.5,383421,14.434669,0.5231,,8932569.1092
"26-Apr-19",11.56,11.7,11.54,11.68,448232,14.50692,0.5236,,8991897.09
"29-Apr-19",11.72,11.84,11.55,11.59,443904,14.275439,0.5245,,8844504.1377,
"30-Apr-19",11.65,11.685,11.55,11.61,790666,14.149116,0.5199,9246775,8755512.1665
"01-May-19",11.6,11.7,11.48,11.64,1140290,14.069834,0.5248,,8811132.1485
"02-May-19",12.15,12.43,11.927,12.29,1147233,13.998685,0.5259,,8850066.1359
"03-May-19",12.33,12.42,11.97,12.42,655750,14.203889,0.5214,,9000240.0873
"06-May-19",12.35,12.63,12.35,12.56,680540,14.208307,0.534,,9079962.0615
"07-May-19",12.51,12.59,12.36,12.45,723473,13.853821,0.5293,,8944620.1053
"08-May-19",12.45,12.47,12.235,12.29,452090,13.853037,0.5271,,8914956.1149
"09-May-19",12.32,12.435,12.25,12.41,491595,14.039308,0.5187,,9570412.125
"10-May-19",12.37,12.45,12.25,12.44,424874,14.155169,0.5186,,9607399.225
"13-May-19",12.29,12.34,12.16,12.22,407718,16.816601,0.57,,11414219.06
"14-May-19",12.25,12.35,12.21,12.27,503668,15.400561,0.5662,,10455328.4925
"15-May-19",12.22,12.525,12.205,12.5,463857,16.720181,0.5773,9013595,11298634.3725
"16-May-19",12.36,12.39,12.22,12.25,390150,16.894234,0.5795,,11386478.735,
"17-May-19",12.15,12.25,12.06,12.11,725665,17.099371,0.5774,,11571414.235
"20-May-19",12.06,12.14,11.85,11.94,302928,15.531651,0.5723,,10478445.43
"21-May-19",11.98,12.15,11.98,12.1,400862,15.209934,0.5717,,10177925.2425
"22-May-19",12.07,12.07,11.94,12,218749,15.279686,0.5641,,10143712.175
"23-May-19",11.9,12.02,11.775,11.97,479670,15.563674,0.5722,,10280564.445
"24-May-19",12.02,12.09,11.93,12,358125,15.555683,0.571,,8150092.599
"27-May-19",,,,,,15.504328,0.5712,,8150092.599
"28-May-19",12.03,12.04,11.84,11.84,460668,16.053464,0.5775,,8315041.3875
"29-May-19",11.78,11.8,11.625,11.74,495725,16.200775,0.5797,,8376333.8335
"30-May-19",11.77,11.9,11.55,11.62,379448,16.225507,0.5792,,8347490.3295
"31-May-19",11.52,11.52,11.33,11.43,540182,16.420532,0.583,9278115,8444837.1555,
"03-Jun-19",11.45,11.5,11.25,11.48,626466,16.856322,0.584,,8520551.3535
"04-Jun-19",11.54,11.65,11.41,11.54,438703,16.835025,0.5793,,8484496.9735
"05-Jun-19",11.56,11.67,11.47,11.59,428135,16.9601,0.5803,,8536775.8245
"06-Jun-19",11.58,11.63,11.335,11.45,367026,16.956139,0.5806,,8548493.498
"07-Jun-19",11.5,11.66,11.45,11.6,379530,17.028657,0.5789,,8596265.5515
"10-Jun-19",11.64,11.78,11.61,11.73,306421,17.307007,0.5805,,8701724.613
"11-Jun-19",11.79,11.89,11.66,11.74,432068,17.423931,0.5855,,9595426.533
"12-Jun-19",11.73,11.84,11.64,11.67,424126,17.325488,0.5857,,9494295.0795
"13-Jun-19",11.72,11.76,11.55,11.71,362668,17.56287,0.5854,,9512851.3095
"14-Jun-19",11.72,11.74,11.58,11.65,516600,17.568827,0.5836,9266501,9504501.006
"17-Jun-19",11.68,11.91,11.68,11.8,763468,17.681112,0.5826,,9498006.3255
"18-Jun-19",11.87,12.01,11.725,11.81,777819,17.701439,0.5844,,9578725.926
"19-Jun-19",11.83,11.84,11.52,11.65,667664,18.528438,0.583,,10009230.462
"20-Jun-19",11.76,11.87,11.61,11.66,626950
"21-Jun-19",11.59,11.59,11.43,11.43,794408
"24-Jun-19",11.47,11.5,11.26,11.31,458736,18.941384,0.5824,,10196648.385
"25-Jun-19",11.34,11.44,11.16,11.17,697601,18.587847,0.5803,,9803958.058
"26-Jun-19",11.17,11.3,11.08,11.15,580605,18.632395,0.5789,,9851217.2131
"27-Jun-19",11.16,11.45,11.16,11.45,1137257,18.23942,0.5732,,9733532.6504
"28-Jun-19",11.48,11.65,11.46,11.47,1086674,18.613959,0.5738,9894219,9935542.3722
"01-Jul-19",11.56,11.61,11.28,11.39,385457,19.336265,0.5778,,10197784.3505
"02-Jul-19",11.42,11.54,11.34,11.5,435891,19.27992,0.5759,,10154231.7958
"03-Jul-19",11.53,11.68,11.5,11.65,214697,19.520378,0.5802,,10182031.2988
"04-Jul-19",,,,,,19.536586,0.5773,,10207050.8515
"05-Jul-19",11.55,11.7,11.47,11.63,245791,19.865311,0.5761,,10307129.0623
"08-Jul-19",11.62,11.68,11.48,11.53,383871,19.902201,0.5747,,10301569.1617
"09-Jul-19",11.54,11.6,11.4104,11.51,1466203,19.428366,0.5749,,10364581.3685
"10-Jul-19",11.55,11.635,11.485,11.58,771476,19.001992,0.5744,,10199950.3671
"11-Jul-19",11.6,11.62,11.355,11.42,814332
"12-Jul-19",11.44,11.61,11.38,11.49,495455,19.032841,0.5723,,10373099.1996
"15-Jul-19",11.53,11.57,11.37,11.46,462800,18.865035,0.5652,9797950,10346384.8083
"16-Jul-19",11.43,11.6,11.38,11.54,361228,18.841901,0.5873,,10352321.3397
"17-Jul-19",11.58,11.61,11.465,11.5,802624,18.733788,0.5929,,10442358.7326
"18-Jul-19",11.5,11.5,11.26,11.37,577616,18.619726,0.593,,10437411.6231
"19-Jul-19",11.35,11.44,11.22,11.23,690099,18.812758,0.5877,,10580877.7986
"22-Jul-19",11.24,11.34,11.18,11.26,398203,19.158459,0.5935,,10725333.396
"23-Jul-19",11.34,11.44,11.29,11.43,371163,19.254012,0.5894,,10649147.9097
"24-Jul-19",11.4,11.525,11.4,11.52,572676,19.451531,0.5897,,10131080.3
"25-Jul-19",11.52,11.55,11.4,11.46,509609,18.549484,0.5887,,9731323.94
"26-Jul-19",11.46,11.56,11.29,11.38,867986,18.245595,0.5871,,9701930.09
"29-Jul-19",11.43,11.62,11.39,11.49,462325,18.625126,0.5848,,9907687.04,
"30-Jul-19",11.43,11.67,11.43,11.57,504238
"31-Jul-19",11.56,11.62,11.1,11.11,1279888,18.646564,0.5831,10184352,10127161.12
"01-Aug-19",11.52,11.8,11.36,11.42,1298847,18.110296,0.5828,,9969414.125
"02-Aug-19",11.4,11.5,11.33,11.45,519423,18.357642,0.5634,,9941000.07
"05-Aug-19",11.35,11.36,11.025,11.17,723099,18.186594,0.57,,9713687.63
"06-Aug-19",11.22,11.43,11.17,11.32,718658,18.030821,0.5698,,9669596.855
"07-Aug-19",11.24,11.28,11.02,11.18,1473585,17.41295,0.5689,,9538304.325
"08-Aug-19",11.22,11.64,11.14,11.5,925118,17.37586,0.5679,,9567698.175
"09-Aug-19",11.49,11.5392,11.385,11.44,671824,17.572053,0.5616,,9786143.8368
"12-Aug-19",11.44,11.505,11.35,11.49,442968,17.313484,0.5624,,9672079.0944
"13-Aug-19",11.46,11.52,11.39,11.49,744552,16.965427,0.5612,,9515240.0736
"14-Aug-19",11.4,11.4,11.2625,11.33,514472,17.865908,0.5746,,10047881.6832
"15-Aug-19",11.16,11.21,10.965,11.02,481155,17.975018,0.5723,11094817,10103895.6192,
"16-Aug-19",11.05,11.23,11.01,11.2,759599,18.070382,0.573,,10235273.76
"19-Aug-19",11.33,11.35,11.24,11.27,489463,14.8242,0.5536,,8390887.6128
"20-Aug-19",11.25,11.29,11.11,11.15,897319,14.033241,0.5571,,8003882.2368
"21-Aug-19",11.22,11.27,11.12,11.14,479276,14.197543,0.5553,,8134241.9424
"22-Aug-19",11.17,11.23,11.08,11.21,314908,14.200835,0.5559,,8117946.9792
"23-Aug-19",11.18,11.24,10.83,10.86,646126,14.106965,0.5524,,8151555.3408
"26-Aug-19",10.93,10.97,10.7,10.81,619934,13.980175,0.5531,,8960174.2092
"27-Aug-19",10.88,10.93,10.67,10.68,716553,13.993477,0.5535,,8991239.6968
"28-Aug-19",10.72,11.07,10.68,11.03,776383,14.15541,0.5539,,9129924.9093
"29-Aug-19",11.1,11.2,11.01,11.02,440165,14.320714,0.5531,,9231997.2257
"30-Aug-19",11.03,11.23,11.01,11.16,605404,14.27607,0.5452,11666532,9227559.2989,
"02-Sep-19",,,,,,14.160104,0.5452,,9227559.2989
"03-Sep-19",11.11,11.15,10.95,11,490396,14.311663,0.5542,,9295237.6826
"04-Sep-19",11.06,11.2,11.035,11.09,494387,14.511537,0.5578,,9393981.5539
"05-Sep-19",11.12,11.44,11.12,11.3,716791,14.527005,0.5579,,9468316.8278
"06-Sep-19",11.3,11.5,11.25,11.34,839283,14.444426,0.5532,,9509367.6507
"09-Sep-19",11.36,11.59,11.33,11.58,1436620,13.886769,0.5499,,9440579.7853
"10-Sep-19",11.59,11.67,11.52,11.65,854092,13.66037,0.5555,,9329631.6153
"11-Sep-19",11.7,12.15,11.65,12.13,1291751,13.949352,0.5604,,12323357.7516
"12-Sep-19",12.12,12.12,11.9,12.04,788326,13.969385,0.5595,,12441189.7248
"13-Sep-19",12.07,12.2,11.885,11.95,1011764,13.595245,0.5688,12654264,12268525.0512
"16-Sep-19",11.95,12.04,11.88,11.98,636305,13.769032,0.5585,,12550855.1256
"17-Sep-19",11.98,11.98,11.85,11.93,613515,13.661582,0.5751,,12430689.846
"18-Sep-19",11.97,11.98,11.76,11.84,508999,13.941123,0.5595,,12613854.3984
"19-Sep-19",11.91,11.98,11.81,11.82,505686,14.57336,0.5574,,13106182.0488
"20-Sep-19",11.84,11.84,11.66,11.71,1723219,14.253121,0.5512,,13121348.5404
"23-Sep-19",11.66,11.73,11.52,11.55,1394780,14.107471,0.5502,,13182014.5068
"24-Sep-19",11.55,11.73,11.46,11.59,980716,13.242344,0.5443,,12836485.4016
"25-Sep-19",11.64,11.85,11.59,11.75,607436,12.961757,0.5437,,12604912.3704
"26-Sep-19",11.73,11.75,11.57,11.69,627874,12.921878,0.5433,,12546702.756
"27-Sep-19",11.72,11.795,11.55,11.61,641531,12.909686,0.5427,,12551764.4616
"30-Sep-19",11.61,11.71,11.58,11.6,1290691,12.883466,0.5411,12840477,12468246.3192
"01-Oct-19",11.61,11.71,11.41,11.44,2007072,12.507771,0.589,,12440406.9384
"02-Oct-19",11.41,11.45,11.29,11.4,868991,12.548791,0.5396,,12607443.2232
"03-Oct-19",11.35,11.51,11.29,11.45,1018943,11.791065,0.5315,,11989915.14
"04-Oct-19",11.48,11.52,11.31,11.43,511709,11.814081,0.5294,,12086087.5464
"07-Oct-19",11.37,11.475,11.34,11.44,418377,11.806909,0.5334,,12120254.0592
"08-Oct-19",11.45,11.66,11.26,11.36,639182,11.740776,0.5313,,12024081.6528
"09-Oct-19",11.42,11.46,11.36,11.38,530207,11.737065,0.5332,,12415457.2113
"10-Oct-19",11.42,11.66,11.4,11.62,1485114,11.700772,0.5336,,12382071.9711
"11-Oct-19",11.72,12.025,11.72,11.93,945007,12.1066,0.542,,12855885.5724
"14-Oct-19",11.89,11.94,11.71,11.88,802469,12.250595,0.5427,,13075457.7291
"15-Oct-19",11.9,12.135,11.845,12.05,6717157,12.103924,0.559,12296477,14439116.3865
"16-Oct-19",12.01,12.13,11.73,11.81,1105025,11.856039,0.6387,,14304291.378
"17-Oct-19",11.85,11.92,11.72,11.75,689153,12.461871,0.5679,,15122229.7629
"18-Oct-19",11.75,11.795,11.68,11.74,1287246,10.468314,0.5606,,12809659.8552
"21-Oct-19",11.78,12.2,11.78,12.16,723543,10.221287,0.5617,,12581099.3646
"22-Oct-19",12.2,12.2113,12.02,12.13,1128635,10.242413,0.5582,,12659426.2743
"23-Oct-19",12.13,12.35,12.11,12.28,613905,10.20336,0.5607,,12658142.2266
"24-Oct-19",12.29,12.39,12.12,12.2,538217,10.219762,0.5628,,10827047.9985
"25-Oct-19",12.14,12.17,12.06,12.13,587108,10.156182,0.5672,,10763106.3181
"28-Oct-19",12.11,12.2525,12.11,12.15,869562,10.062292,0.5573,,10733594.7733
"29-Oct-19",12.12,12.19,12.05,12.07,686306,10.344301,0.5624,,10995509.7334
"30-Oct-19",12.04,12.25,11.93,12.21,776325,10.604111,0.5608,,11331203.5555
"31-Oct-19",12.21,12.33,12.12,12.26,856168,10.766083,0.5613,11489827,11572214.5047
"01-Nov-19",12.26,12.415,12.26,12.36,776150,10.930896,0.4528,,11650911.9575,
"04-Nov-19",12.44,12.54,12.36,12.53,617812,11.311884,0.5617,,11993983.6658
"05-Nov-19",12.53,12.59,12.41,12.5,834398,11.367489,0.5585,,12040710.2784
"06-Nov-19",12.54,12.54,12.04,12.1,904406,11.689407,0.5576,,12419441.77
"07-Nov-19",12.09,12.19,11.9,11.91,624009,11.629969,0.5606,,12337055.3741
"08-Nov-19",11.87,12.08,11.79,12.04,546939,11.75114,0.5624,,12269424.7506
"11-Nov-19",11.99,12.15,11.94,12.11,653495,11.764159,0.5624,,12269424.7506
"12-Nov-19",12.1,12.19,11.97,11.97,504066,12.130052,0.5671,,12480250.0874
"13-Nov-19",11.94,11.99,11.83,11.93,787544,12.118869,0.5704,,12543444.1359
"14-Nov-19",11.76,11.95,11.745,11.95,579112,,,,,
"15-Nov-19",12,12.05,11.84,12.01,907706,12.986092,0.5696,12268486,13493652.8288
"18-Nov-19",11.98,12.07,11.93,12.06,520092,11.892611,0.5638,,12391778.4195
"19-Nov-19",12.08,12.09,11.79,11.81,1257778,11.448002,0.5624,,12005720.2323
"20-Nov-19",11.77,11.87,11.7,11.78,1129448,11.281448,0.5617,,11959760.9243
"21-Nov-19",11.77,11.81,11.64,11.73,1035447,11.561995,0.5602,,12284923.0284
"22-Nov-19",11.81,11.87,11.72,11.76,791717,11.655114,0.5597,,12449227.5545
"25-Nov-19",11.81,12.09,11.79,12.06,863917,11.944921,0.5604,,12934098.2539
"26-Nov-19",12.07,12.185,12.04,12.11,583148,12.446392,0.562,,12185060.2952
"27-Nov-19",12.12,12.22,12.06,12.22,246064,11.848421,0.5575,,11528696.2942
"28-Nov-19",,,,,,12.250647,0.5626,,11958093.3042
"29-Nov-19",12.15,12.22,12.11,12.12,238980,12.534438,0.564,14821277,12123717.8652,
"02-Dec-19",12.12,12.16,12.04,12.11,796438,12.35048,0.563,,12082005.0128
"03-Dec-19",12.01,12.12,11.99,12.09,361480,12.461248,0.56,,12077097.6184
"04-Dec-19",12.11,12.2,12.01,12.05,542682,12.599609,0.5586,,12221865.7532
"05-Dec-19",12.07,12.135,12.01,12.08,689648,12.792127,0.5589,,12448832.7442
"06-Dec-19",12.16,12.35,12.145,12.24,527713,13.016735,0.5586,,12627952.6398
"09-Dec-19",12.24,12.34,12.16,12.26,719106,13.285623,0.5666,,12862280.7224
"10-Dec-19",12.26,12.305,12.16,12.21,388164,13.508311,0.5655,,15701660.8538
"11-Dec-19",12.22,12.22,12.025,12.07,587371,13.399201,0.5667,,15503055.742
"12-Dec-19",12.06,12.15,11.94,12.05,744762,13.26688,0.5645,,15203665.9466
"13-Dec-19",12.07,12.1,11.8,11.95,622764,13.104835,0.5626,15551830,14973936.1531
"16-Dec-19",12.02,12.07,11.845,11.96,1524353,12.783573,0.5637,,14738277.8488
"17-Dec-19",12,12.08,11.93,11.98,972545,12.691688,0.5653,,14719010.1887
"18-Dec-19",12.03,12.17,12.005,12.14,946052,12.760463,0.5604,,14883526.3634
"19-Dec-19",12.17,12.22,12.14,12.15,850528,12.521254,0.5638,,14690849.7624
"20-Dec-19",12.2,12.35,12.17,12.3,2213434,12.361646,0.5603,,14929472.3221
"23-Dec-19",12.31,12.35,12.14,12.17,1040127,12.839424,0.5582,,15329646.8011
"24-Dec-19",12.17,12.26,12.165,12.21,281854
"25-Dec-19",,,,,,11.848568,0.541,,14394773.848
"26-Dec-19",12.24,12.3,12.19,12.29,278829,12.293997,0.5341,,14850442.467
"27-Dec-19",12.35,12.36,12.24,12.28,521248
"30-Dec-19",12.3,12.33,12.25,12.32,357225,11.6879,0.5277,,14021529.928
"31-Dec-19",12.33,12.42,12.3,12.34,791964,11.842515,0.5309,16181368,14184824.143
"01-Jan-20",,,,,,11.936318,0.5309,,14192600.058
"02-Jan-20",12.4,12.4,12.16,12.24,958397,12.390018,0.5367,,14455425.985
"03-Jan-20",12.11,12.32,12.11,12.23,758805,12.421214,0.5309,,14463201.9
"06-Jan-20",12.12,12.19,11.92,11.93,665549,12.741628,0.5342,,14833335.454
"07-Jan-20",11.89,11.9,11.72,11.84,899422,12.675304,0.5343,,14768017.768
"08-Jan-20",11.84,12.005,11.84,11.95,669603,12.747326,0.5323,,14920425.702
"09-Jan-20",11.91,11.95,11.84,11.89,1761970,12.664742,0.5363,,15125709.858
"10-Jan-20",11.86,11.89,11.745,11.76,744097,12.919732,0.5402,,17670053.856
"13-Jan-20",12.03,12.18,11.94,12.11,1411164,13.120543,0.5411,,17899829.2816
"14-Jan-20",12.11,12.11,11.92,12.09,626257,13.174832,0.5394,,17893356.7344
"15-Jan-20",12.08,12.17,12.075,12.15,1496586,12.863377,0.543,15757162,17686235.224
"16-Jan-20",12.2,12.22,12.09,12.16,654236,14.797759,0.5425,,18171676.264
"17-Jan-20",12.21,12.235,12.09,12.11,453797,14.730635,0.5373,,17857757.7248
"20-Jan-20",,,,,,14.960391,0.5377,,17980736.1216
"21-Jan-20",12.1,12.17,11.94,12.08,872217,14.927832,0.5366,,17977499.848
"22-Jan-20",12.13,12.14,11.94,11.99,721810,14.723624,0.5358,,17731543.0544
"23-Jan-20",11.99,11.99,11.85,11.95,692507,14.582102,0.5369,,17404679.4208
"24-Jan-20",11.96,11.96,11.63,11.67,646782,14.514138,0.5355,,17335099.5384
"27-Jan-20",11.51,11.6,11.465,11.54,732039,14.473636,0.5355,,15522380.2862
"28-Jan-20",11.57,11.675,11.54,11.62,391115,14.583464,0.5359,,15516077.4214
"29-Jan-20",11.63,11.66,11.49,11.52,360776,15.374638,0.5469,,16187332.5226
"30-Jan-20",11.52,11.52,11.305,11.4,404040,15.159968,0.5507,,15867462.134
"31-Jan-20",11.36,11.38,11.02,11.09,761487,15.131624,0.5546,14153189,15832796.3776,
"03-Feb-20",11.14,11.24,11.1,11.23,873251,15.354585,0.5555,,16064426.659
"04-Feb-20",11.34,11.4652,11.29,11.41,512742,15.653417,0.5557,,16292905.508
"05-Feb-20",11.47,11.675,11.47,11.64,677587,15.553023,0.5552,,16209392.5494
"06-Feb-20",11.7,11.74,11.58,11.71,519677,15.549119,0.5548,,16097516.6992
"07-Feb-20",11.67,11.71,11.59,11.65,397729,15.706718,0.5509,,16086486.6858
"10-Feb-20",11.65,11.67,11.52,11.65,477814,15.626119,0.5505,,16020306.6054
"11-Feb-20",11.69,11.86,11.66,11.74,463621,15.877952,0.551,,14465974.4769
"12-Feb-20",11.8,11.96,11.755,11.95,754824,16.187075,0.556,,14780175.2727
"13-Feb-20",11.77,11.8,11.525,11.57,486899,16.908134,0.5467,,15432637.2856,
"14-Feb-20",11.55,11.57,11.44,11.49,445454,18.188955,0.5494,14212223,16479973.2716
"17-Feb-20",,,,,,18.22036,0.5491,,16501203.0551
"18-Feb-20",11.42,11.53,11.36,11.49,566485,17.245528,0.5464,,15560015.9866
"19-Feb-20",11.5,11.55,11.28,11.31,426781,17.07116,0.5491,,15371778.5729
"20-Feb-20",11.28,11.425,11.27,11.33,544311,16.764078,0.5456,,14856602.4933
"21-Feb-20",11.35,11.42,11.22,11.32,814643,16.965197,0.5479,,14928783.7572
"24-Feb-20",11.05,11.13,10.57,10.75,1196973,16.889339,0.5455,,14889154.828
"25-Feb-20",10.72,10.73,10,10.1,1824154,16.077244,0.5441,,14529663.8274
"26-Feb-20",10.13,10.295,9.84,9.86,1287166,15.6758,0.5624,,12331945.8971
"27-Feb-20",9.63,9.74,9.27,9.27,2110559,14.868282,0.5603,,12086074.4392
"28-Feb-20",9.07,9.4,8.99,9.27,2208862,14.573924,0.5597,14135157,12339052.0086,
"02-Mar-20",9.32,9.38,8.855,9.35,1742026,14.1539,0.5601,,12349000.5647
"03-Mar-20",9.34,9.58,8.7,8.82,1517673,13.910879,0.561,,12309206.3403
"04-Mar-20",8.96,9.0391,8.785,8.95,1308247,13.943412,0.5574,,12565026.3543
"05-Mar-20",8.7,8.755,8.22,8.28,1158196,12.535631,0.5536,,11429469.7366
"06-Mar-20",8.04,8.66,8,8.47,1908019,11.911146,0.5594,,11108273.4968
"09-Mar-20",7.77,7.9,7.1,7.17,1212011,11.976835,0.5544,,11311508.2857
"10-Mar-20",7.36,7.56,6.99,7.32,1539955,11.875162,0.5552,,13039682.3325
"11-Mar-20",7.12,7.12,6.44,6.52,1861303,12.1427,0.5618,,13685659.0074
"12-Mar-20",5.93,5.95,5.23,5.73,2233326,11.21566,0.555,,13004344.44
"13-Mar-20",6,6.17,5.3,6,1869041,10.555826,0.5497,12367027,12472862.5368
"16-Mar-20",5.25,5.25,4.23,4.66,2160771,10.400656,0.5662,,12604319.4969
"17-Mar-20",4.77,4.93,4.5,4.56,1448382,11.202069,0.645,,13558442.5944
"18-Mar-20",4.24,4.25,2.32,2.61,2200415,10.413308,0.663,,12855925.2915
"19-Mar-20",2.74,3.35,2.65,3.1,2441555,9.264664,0.6189,,11709564.0588
"20-Mar-20",3.15,3.63,3.05,3.36,2646399,8.749236,0.5835,,11367493.2594
"23-Mar-20",3.48,3.87,3.24,3.62,2433788,7.933465,0.5552,,10342694.3769
"24-Mar-20",3.98,4.37,3.88,4.02,3496990,7.454485,0.5625,,9993794.5187
"25-Mar-20",4.14,4.36,3.7,4.16,3325986,6.451375,0.5598,,9031639.8181
"26-Mar-20",4.2,5,3.94,4.37,3300056,5.743601,0.5528,,8277251.1711
"27-Mar-20",4.25,5.43,4,4.24,2549037,5.103306,0.5187,,7577277.4429
"30-Mar-20",4.21,4.23,3.65,4.06,2206477,4.600235,0.5151,,6978713.3361
"31-Mar-20",4.19,4.26,3.8,4.22,3890883,4.540429,0.5106,10456650,7196373.0113
"01-Apr-20",3.92,4.1,3.65,3.98,1627982,4.070861,0.528,,6517423.229
"02-Apr-20",3.93,4,3.64,3.71,1257396,3.798067,0.5169,,6075920.3651
"03-Apr-20",3.65,3.65,3.3837,3.45,1526506,3.286769,0.5069,,5293087.556
"06-Apr-20",3.8,3.94,3.63,3.66,1967319,3.139513,0.5892,,5128606.0969
"07-Apr-20",3.92,3.975,3.45,3.55,2332908,2.837526,0.5411,,4724204.314
"08-Apr-20",3.66,4.1,3.59,4.07,2630803,2.623276,0.4998,,4453366.4227
"09-Apr-20",4.3,4.7143,4.29,4.63,2333300,2.526282,0.496,,6347186.55
"10-Apr-20",,,,,,2.535666,0.496,,6347186.55
"13-Apr-20",5,5,4.27,4.57,2834491,2.550727,0.5072,,6533314.92
"14-Apr-20",4.61,4.74,4.45,4.65,2321469,2.554267,0.4734,,6607557.135
"15-Apr-20",4.48,4.76,4.29,4.64,1598463,2.831806,0.4686,8639566,7402262.535
"16-Apr-20",4.6,4.67,4.39,4.6,1238993,2.904276,0.4711,,7570614.6
"17-Apr-20",4.8,5.05,4.79,4.9,2050564,3.05878,0.4728,,8093447.1
"20-Apr-20",4.75,4.91,4.51,4.57,1181308,3.252413,0.4624,,8671699.845
"21-Apr-20",4.47,4.71,4.37,4.61,1158770,3.782416,0.4781,,10046749.32
"22-Apr-20",4.78,4.86,4.51,4.61,1027050,3.807925,0.444,,10131448.185
"23-Apr-20",4.63,4.84,4.56,4.7,1028560,3.984848,0.459,,10635458.715
"24-Apr-20",4.8,4.87,4.66,4.8,655086,4.143774,0.4756,,12903191.821
"27-Apr-20",4.85,5.3,4.8,5.24,1005704,4.287487,0.4895,,13399966.866
"28-Apr-20",5.46,5.66,5.17,5.54,1238526,4.358018,0.4785,,13691120.2402
"29-Apr-20",5.76,6.58,5.76,6.45,1552588,4.338529,0.4814,,13791339.2058
"30-Apr-20",6.3,6.3,5.75,6.06,1440404,4.275212,0.4832,9132780,13737773.8966
"01-May-20",5.81,6.05,5.62,5.68,978765,4.23194,0.4674,,13789611.2926
"04-May-20",5.46,5.65,5.14,5.43,930112,4.023961,0.4667,,13119180.971
"05-May-20",5.62,5.77,5.16,5.22,859062,4.120303,0.4747,,13479450.8732
"06-May-20",5.2,5.29,4.9,4.9,780578,4.108112,0.4808,,13453532.1752
"07-May-20",4.99,5.29,4.99,5.24,897336,4.191815,0.4895,,13779243.8134
"08-May-20",5.4,5.94,5.26,5.94,1316051,4.248926,0.4957,,14093724.0158
"11-May-20",5.96,5.99,5.26,5.27,1737091,4.255215,0.5028,,9499004.478
"12-May-20",5.39,5.54,5,5.2,2403194,4.600502,0.5095,,10463426.046
"13-May-20",5.05,5.06,4.6414,4.74,2405940,4.476673,0.5098,,10341960.072
"14-May-20",4.56,5.02,4.35,4.77,1589608,4.823003,0.5247,,11257064.628
"15-May-20",4.72,4.82,4.51,4.67,2793281,4.867303,0.5299,9302687,11607763.38
"18-May-20",5.09,5.39,5.06,5.29,2259281,4.977145,0.5408,,11923757.568
"19-May-20",5.22,5.57,5,5.34,1353286,4.045138,0.4798,,9759288.708
"20-May-20",5.45,5.58,5.305,5.48,990676,3.89162,0.4816,,9435075.018
"21-May-20",5.51,5.74,5.47,5.65,829766,3.919115,0.4817,,9525489.54
"22-May-20",5.65,5.7299,5.28,5.46,658393,3.932955,0.4764,,9546494.934
"25-May-20",,,,,,3.923814,0.4768,,9573893.274
"26-May-20",5.81,6.15,5.7,6.1,1724514,3.828634,0.4714,,9332787.882
"27-May-20",6.37,6.5,5.64,6.47,2687151,3.772558,0.4697,,7461685.2427
"28-May-20",6.57,6.59,6.24,6.31,1287156,4.000224,0.475,,7855188.9028
"29-May-20",6.16,6.355,6.0102,6.25,1755042,3.982968,0.4642,8894427,7790070.0938
"01-Jun-20",6.45,6.9,6.35,6.5,1589792,3.956749,0.4593,,7724951.2848
"02-Jun-20",6.67,6.9401,6.66,6.72,996359,4.059499,0.461,,7871933.7394
"03-Jun-20",6.95,7.25,6.91,7.22,1227709,4.010094,0.4656,,7741696.1214
"04-Jun-20",7.29,8.06,7.1501,8.05,1832299,3.987907,0.4691,,7719369.6726
"05-Jun-20",8.78,9.31,7.97,8.02,4231574,3.877428,0.4697,,7696112.9551
"08-Jun-20",8.45,8.855,8.41,8.59,1801157,4.028868,0.4774,,8034730.7619
"09-Jun-20",8.28,8.42,8.02,8.24,1458995,3.492009,0.4551,,7927602.7851
"10-Jun-20",8.04,8.07,6.74,7.02,3065094,3.334024,0.4521,,7687453.2561
"11-Jun-20",6.38,6.94,6.25,6.75,2630413,3.481562,0.4485,,8100154.6689
"12-Jun-20",7.27,7.5,6.94,7.27,1515550,3.214216,0.4478,,7457087.5968
"15-Jun-20",6.85,7.36,6.7,7.17,1281821,3.164269,0.4525,7555072,7281867.3849
"16-Jun-20",7.58,7.63,7.05,7.24,1141701,3.211282,0.461,,7346796.702
"17-Jun-20",7.21,7.21,6.72,6.76,1269014,3.212113,0.4448,,7293430.14
"18-Jun-20",6.54,6.71,6.39,6.42,988605,3.289095,0.4476,,7439298.7428
"19-Jun-20",6.34,6.5,6.01,6.09,3898602,3.464233,0.4582,,7948059.9672
"22-Jun-20",6.06,6.14,5.885,6.04,1789650,3.554802,0.459,,8054793.0912
"23-Jun-20",6.14,6.1554,5.755,5.78,1885049,2.652912,0.4524,,6015300.9801
"24-Jun-20",5.65,5.7,5.35,5.51,2238057,2.365484,0.4432,,5555244.4416
"25-Jun-20",5.42,5.73,5.36,5.72,1461990,2.471025,0.4604,,5703323.8528
"26-Jun-20",5.65,5.8067,5.6,5.66,1601293,2.153736,0.4501,,4896442.1632
"29-Jun-20",5.68,6.08,5.6,6.07,1256082,2.161816,0.4637,,4790671.1552
"30-Jun-20",6.03,6.2,5.8,5.93,1185571,1.974883,0.4516,3894323,4356254.5152
"01-Jul-20",5.94,6.32,5.78,5.81,1311025,1.876993,0.4216,,4023075.84
"02-Jul-20",5.99,6.16,5.68,5.69,855501,1.791555,0.4265,,3811533.824
"03-Jul-20",,,,,,1.784911,0.4262,,3811533.824
"06-Jul-20",5.87,6.01,5.6101,5.83,958672,1.609572,0.4413,,3418670.08
"07-Jul-20",5.7,5.7,5.35,5.4,1061105,1.588757,0.4445,,3344630.3744
"08-Jul-20",5.36,5.4,5.18,5.31,1494861,1.591259,0.4537,,3322720.6656
"09-Jul-20",5.31,5.35,5.08,5.3,961560,1.563445,0.494,,3210905.6
"10-Jul-20",5.29,5.605,5.23,5.54,889300,1.413625,0.521,,2557791.3464
"13-Jul-20",5.63,5.74,5.35,5.43,933745,1.357857,0.5478,,2441740.521
"14-Jul-20",5.39,5.53,5.3,5.36,759175,1.456501,0.5531,,2564411.6955
"15-Jul-20",5.65,5.84,5.5863,5.78,1017670,1.372591,0.5509,3621907,2384104.5406
"16-Jul-20",5.7,5.7,5.54,5.67,662682,1.333119,0.5532,,2292977.3824
"17-Jul-20",5.66,5.66,5.38,5.43,675110,1.330373,0.5203,,2274674.0643
"20-Jul-20",5.38,5.425,5.15,5.22,869091,1.298416,0.5205,,2192503.849
"21-Jul-20",5.25,5.6,5.25,5.5,780578,1.281279,0.5211,,2153950.0513
"22-Jul-20",5.41,5.605,5.39,5.6,617458,1.227687,0.5287,,2051918.7887
"23-Jul-20",5.53,5.54,5.34,5.47,657300,1.217333,0.5424,,2026605.6892
"24-Jul-20",5.47,5.53,5.251,5.34,665872,1.342607,0.4681,,3382136.7566
"27-Jul-20",5.3,5.3801,5.16,5.23,605141,1.392702,0.4717,,3506368.1667
"28-Jul-20",5.2,5.465,5.065,5.42,1058735,1.373555,0.483,,3460007.7571
"29-Jul-20",5.44,5.525,5.28,5.5,697376,1.36264,0.4874,,3412198.5847
"30-Jul-20",5.43,5.45,5.245,5.35,463487,1.371235,0.4937,,3393002.4776
"31-Jul-20",5.28,5.34,5.11,5.18,951257,1.331055,0.4879,2815534,3277101.4536
"03-Aug-20",5.16,5.16,5.02,5.06,856904,1.368772,0.4886,,3363665.0309
"04-Aug-20",5.03,5.41,5.03,5.41,869416,1.302067,0.4823,,3181120.9181
"05-Aug-20",5.55,5.79,5.36,5.77,1048570,1.391544,0.4917,,3404230.3893
"06-Aug-20",5.53,5.86,5.35,5.72,1973018,1.307369,0.4929,,3237622.6673
"07-Aug-20",5.62,6.08,5.48,6.06,990076,1.431734,0.4959,,3553815.1484
"10-Aug-20",6.1,6.4307,6.1,6.3,961189,1.981308,0.4635,,4926880.0921
"11-Aug-20",6.48,6.65,6.28,6.33,959131,1.588895,0.5121,,3377796.1398
"12-Aug-20",6.4,6.53,6.34,6.43,717283,1.555475,0.513,,3269961.1876
"13-Aug-20",6.34,6.39,6.06,6.18,728034,1.958611,0.5334,,4041135.9502
"14-Aug-20",6.1,6.34,6.06,6.18,593206,1.653286,0.5305,1854501,3341475.7512
"17-Aug-20",6.18,6.18,6.02,6.06,465243,1.764635,0.5352,,3458883.519
"18-Aug-20",6,6.0003,5.73,5.8,913763,1.608353,0.521,,3138194.1964
"19-Aug-20",5.82,5.9,5.65,5.72,581578,1.69626,0.5187,,3243495.168
"20-Aug-20",5.65,5.87,5.625,5.84,545708,1.773725,0.5117,,3358368.9552
"21-Aug-20",5.81,5.865,5.6,5.66,503517,1.671813,0.5106,,3146640.7984
"24-Aug-20",5.66,5.99,5.57,5.97,598220,1.605266,0.5108,,3034864.0986
"25-Aug-20",5.97,6.09,5.91,6.05,466073,1.623148,0.5095,,1686668.6595
"26-Aug-20",6.02,6.105,5.825,5.88,593197,1.575119,0.5102,,1623801.0756
"27-Aug-20",5.9,6.15,5.9,6.09,710078,1.613964,0.5178,,1643087.886
"28-Aug-20",6.15,6.26,6.03,6.25,401472,1.775331,0.5398,,1755656.0967
"31-Aug-20",6.24,6.252,5.835,5.89,629765,1.753993,0.5288,2069766,1706697.2703
"01-Sep-20",5.82,5.97,5.77,5.88,1008317,1.729281,0.5227,,1679250.6555
"02-Sep-20",5.88,5.94,5.725,5.86,1484455,1.742527,0.5088,,1689821.3112
"03-Sep-20",5.9,6.175,5.843,5.87,1148926,1.929226,0.4999,,1874715.0609
"04-Sep-20",5.92,6.08,5.8,6.05,1101346,1.84473,0.495,,1789593.465
"07-Sep-20",,,,,,1.943207,0.495,,1789593.465
"08-Sep-20",6.02,6.02,5.73,5.79,821006,1.874286,0.4961,,1719493.3272
"09-Sep-20",5.85,5.85,5.675,5.72,830242,1.41596,0.514,,1281274.7409
"10-Sep-20",5.74,5.85,5.66,5.68,695400,1.388624,0.5021,,1507203.6012
"11-Sep-20",5.68,5.7,5.44,5.51,534223,1.464365,0.5092,,1531419.8634
"14-Sep-20",5.57,5.83,5.54,5.79,810790,1.480017,0.5053,,1493543.1456
"15-Sep-20",5.83,6.13,5.83,6,639995,1.546232,0.5121,1989624,1551703.5702
"16-Sep-20",6.06,6.13,5.84,6.08,622103,1.375651,0.4991,,1366459.5132
"17-Sep-20",5.96,6,5.85,5.91,606685,1.491465,0.5022,,1468912.9302
"18-Sep-20",5.96,5.96,5.72,5.82,1749021,1.57088,0.5018,,1558947.7512
"21-Sep-20",5.65,5.65,5.2,5.21,976891,1.545917,0.501,,1462082.7024
"22-Sep-20",5.25,5.37,5.15,5.16,927413,1.449891,0.546,,1371219.975
"23-Sep-20",5.16,5.34,4.88,4.91,744030,1.370588,0.5553,,1273733.9964
"24-Sep-20",4.86,5,4.77,4.78,707294,1.517296,0.5516,,1772158.0968
"25-Sep-20",4.74,4.965,4.72,4.94,618153,1.498406,0.5397,,1701327.4824
"28-Sep-20",5.04,5.36,5.04,5.26,681825,1.583299,0.5539,,1749078.4584
"29-Sep-20",5.26,5.33,5.151,5.23,927188,1.508424,0.5403,,1668697.6488
"30-Sep-20",5.28,5.48,5.08,5.18,750907,1.503811,0.5519,1898344,1648403.484
"01-Oct-20",5.18,5.36,5.175,5.35,545789,1.584004,0.5422,,1715851.7376
"02-Oct-20",5.2,5.46,5.1,5.39,790519,1.53644,0.5392,,1648403.484
"05-Oct-20",5.39,5.46,5.21,5.29,1046395,1.472702,0.547,,1585531.3656
"06-Oct-20",5.39,5.46,5.26,5.28,878529,1.399145,0.5479,,1507936.0296
"07-Oct-20",5.3,5.43,5.27,5.38,1479905,1.209545,0.6073,,1315937.3136
"08-Oct-20",5.47,5.51,5.365,5.47,620876,1.098456,0.5808,,1185616.9416
"09-Oct-20",5.52,5.55,5.38,5.49,867039,0.83947,0.6173,,1031560.1296
"12-Oct-20",5.47,5.565,5.36,5.5,509565,0.847815,0.6173,,1031560.1296
"13-Oct-20",5.46,5.47,5.11,5.11,659263,0.850073,0.6155,,1031370.2952
"14-Oct-20",5.06,5.19,5.05,5.07,398898,0.991016,0.5873,,1190261.688
"15-Oct-20",5,5.28,4.945,5.22,612305,0.885544,0.6304,1463481,1060604.7928
"16-Oct-20",5.16,5.21,5.03,5.14,495817,0.903154,0.6325,,1071045.6848
"19-Oct-20",5.25,5.29,5.12,5.16,632557,0.896742,0.6331,,1065160.8184
"20-Oct-20",5.27,5.54,5.24,5.36,832295,0.912962,0.6336,,1085283.2648
"21-Oct-20",5.35,5.48,5.27,5.47,507081,0.92646,0.6334,,1093635.9784
"22-Oct-20",5.46,5.76,5.46,5.75,630586,0.993341,0.6407,,1169190.0696
"23-Oct-20",5.82,5.95,5.73,5.82,636327,0.99183,0.6528,,1167861.2288
"26-Oct-20",5.76,5.78,5.45,5.67,761173,1.020875,0.6112,,1665880.4223
"27-Oct-20",5.66,5.74,5.28,5.28,943381,1.068345,0.6361,,1748567.0988
"28-Oct-20",5.13,5.21,4.98,5.17,973423,1.200674,0.5895,,1979065.3563
"29-Oct-20",5.21,5.5,5.06,5.44,1045137,1.11564,0.6039,,1838424.8322
"30-Oct-20",5.43,5.48,5.235,5.28,581291,1.169076,0.6384,1710888,1922282.2935
"02-Nov-20",5.36,5.52,5.26,5.52,591419,1.186535,0.6208,,1949795.7363
"03-Nov-20",5.62,5.99,5.62,5.97,1035313,1.167973,0.6302,,1928136.2175
"04-Nov-20",5.88,5.88,5.51,5.66,566368,1.24567,0.6666,,2045068.3494
"05-Nov-20",5.64,5.94,5.6034,5.93,772693,1.263928,0.6463,,2071264.6593
"06-Nov-20",5.97,6.05,5.81,5.81,1069620,1.26322,0.6134,,2070825.615
"09-Nov-20",6.61,8.29,6.61,8.02,2858523,1.282601,0.6095,,2130681.9879
"10-Nov-20",7.71,8.27,7.56,8.04,1858633,1.428859,0.6001,,2155034.5248
"11-Nov-20",7.97,7.97,6.94,7.05,1470304,1.412957,0.6007,,2151099.4824
"12-Nov-20",6.96,7.07,6.75,6.82,993055,1.365755,0.6527,,2080610.8968
"13-Nov-20",6.88,7.6,6.81,7.56,1260116,1.105878,0.6044,1758733,1701478.116
"16-Nov-20",8.05,8.2245,7.84,7.85,1338432,1.004447,0.6029,,1569568.6512
"17-Nov-20",7.69,8.32,7.59,8.21,1376129,1.040993,0.5995,,1642110.3024
"18-Nov-20",8.3,8.52,8.1,8.1,1624479,1.021295,0.5991,,1644163.368
"19-Nov-20",8.05,8.27,7.9,8.19,567605,0.976168,0.5995,,1562040.744
"20-Nov-20",8.14,8.25,7.99,8.25,724298,1.039664,0.5874,,1667773.6224
"23-Nov-20",8.46,8.84,8.3803,8.75,919677,0.902267,0.5969,,1466402.1048
"24-Nov-20",9,9.55,8.82,9.34,1301252,0.8617,0.5925,,1457989.657
"25-Nov-20",9.21,9.21,8.88,9.18,959016,0.86918,0.5886,,1479797.9462
"26-Nov-20",,,,,,0.862836,0.5886,,1479797.9462
"27-Nov-20",9.16,9.28,9.0011,9.1,329029,0.986061,0.5588,,1683459.2276
"30-Nov-20",8.99,9.1525,8.69,8.69,1007712,0.977821,0.552,1708718,1692428.7659
"01-Dec-20",8.94,9.15,8.75,8.97,737496,0.969174,0.5511,,1680645.2548
"02-Dec-20",8.89,9.34,8.78,9.23,707615,0.942998,0.5392,,1626828.025
"03-Dec-20",9.33,9.43,9.11,9.16,1063724,1.047815,0.5256,,1794435.2799
"04-Dec-20",9.32,9.64,9.2375,9.62,856710,1.118759,0.4972,,1906290.6987
"07-Dec-20",9.48,9.5,9.09,9.19,929894,1.093574,0.5021,,1857749.6679
"08-Dec-20",9.05,9.55,9.05,9.53,970844,1.04135,0.5124,,1771395.8776
"09-Dec-20",9.65,9.69,9.23,9.56,975435,1.143183,0.5156,,1968614.0078
"10-Dec-20",9.42,9.655,9.33,9.5,819316,1.209577,0.517,,2082585.4984
"11-Dec-20",9.36,9.7,9.21,9.23,956046,1.204177,0.517,,2082585.4984
"14-Dec-20",9.43,9.62,9.25,9.3,944967,1.314081,0.5163,,2288486.0174
"15-Dec-20",9.4,9.85,9.33,9.82,476580,1.58361,0.4955,2133122,2742321.5182
"16-Dec-20",9.82,10,9.72,9.83,698721,1.759767,0.5084,,3050403.3736
"17-Dec-20",9.93,9.95,9.42,9.61,560383,1.95064,0.4969,,3377622.8706
"18-Dec-20",9.64,9.65,9.09,9.12,1893665,2.164362,0.4847,,3830262.2688
"21-Dec-20",8.91,9.13,8.7,9.06,962829,2.303797,0.4844,,4023347.4028
"22-Dec-20",9.14,9.14,8.72,8.78,381282,1.685452,0.4928,,2913705.9336
"23-Dec-20",8.89,9.09,8.75,8.93,464846,1.580893,0.4998,,2711393.7224
"24-Dec-20",8.89,9.2,8.88,9.15,421862,1.387668,0.5021,,1840884.286
"25-Dec-20",,,,,,1.383312,0.5021,,1840884.286
"28-Dec-20",9.2,9.45,9.1,9.19,460483,1.372781,0.5084,,1821899.5002
"29-Dec-20",9.22,9.32,8.81,8.82,641466,1.370947,0.5073,,1818059.8806
"30-Dec-20",8.84,9.145,8.82,8.9,422292,1.345474,0.5081,,1768571.4502
"31-Dec-20",8.93,9.13,8.75,9.01,716154,1.280129,0.5002,2156357,1677913.7652
"01-Jan-21",,,,,,1.266235,0.4999,,1663408.5356
"04-Jan-21",9.09,9.23,8.57,8.6,569158,1.22553,0.5025,,1613066.8564
"05-Jan-21",8.61,8.93,8.61,8.85,629746,1.153431,0.5022,,1511316.937
"06-Jan-21",9,9.73,9,9.51,1341855,1.183593,0.5035,,1559098.8698
"07-Jan-21",8.79,8.95,8.47,8.72,4018772,1.087304,0.5013,,1512170.1858
"08-Jan-21",8.74,8.7536,8.6,8.61,5868059,0.971625,0.4981,,1451162.8966
"11-Jan-21",8.51,8.72,8.48,8.65,4375853,1.839551,0.5461,,2917257.6472
"12-Jan-21",8.69,8.79,8.5,8.68,1343890,4.055465,0.56,,8300249.3644
"13-Jan-21",8.68,8.7972,8.58,8.74,891175,5.184908,0.5375,,10671163.8859
"14-Jan-21",8.89,8.99,8.66,8.77,1830393,5.066665,0.5357,,10606257.5402
"15-Jan-21",8.69,8.92,8.61,8.85,1495926,4.996417,0.5387,5478411,10624155.3033
"18-Jan-21",,,,,,4.901845,0.5386,,10590731.7698
"19-Jan-21",8.93,8.9399,8.64,8.86,1230912,5.078402,0.5403,,10989010.9077
"20-Jan-21",8.82,8.92,8.695,8.91,914474,4.883024,0.5416,,10608198.2615
"21-Jan-21",8.88,8.88,8.68,8.7,786087,5.009366,0.5479,,10875586.5295
"22-Jan-21",8.6,8.8,8.42,8.76,741754,5.140029,0.5502,,11196236.8154
"25-Jan-21",8.71,8.79,8.41,8.66,1577010,5.198881,0.5528,,11556995.3415
"26-Jan-21",8.79,8.79,8.45,8.48,954250,5.087004,0.5473,,11277100.2029
"27-Jan-21",8.37,8.505,8.06,8.18,1376168,5.204959,0.5535,,6000503.5683
"28-Jan-21",8.28,8.84,8.2,8.57,1627073,5.03175,0.5517,,5854777.8357
"29-Jan-21",8.49,8.49,8.06,8.1,2586066,4.775841,0.5527,5556000,5678373.0015
"01-Feb-21",8.2,8.58,8.1,8.57,2148541,4.830709,0.546,,5876691.4797
"02-Feb-21",8.62,8.8189,8.51,8.74,527918,4.776752,0.541,,5758357.8021
"03-Feb-21",8.67,8.84,8.485,8.76,610510,4.925682,0.5408,,5939693.2062
"04-Feb-21",8.76,9.07,8.74,8.95,1364837,4.643107,0.5402,,5623041.0504
"05-Feb-21",9.06,9.15,8.71,8.81,1007616,4.751152,0.5442,,5786845.5393
"08-Feb-21",8.88,9.465,8.81,9.28,3502880,4.623263,0.5365,,5844916.6959
"09-Feb-21",9.22,9.28,8.935,9.17,2693512,4.586202,0.5413,,5773239.6
"10-Feb-21",9.28,9.64,9.235,9.44,3143081,4.822104,0.5609,,6091598.4
"11-Feb-21",9.49,9.7561,9.4,9.74,1486247,5.010363,0.5617,,6300504
"12-Feb-21",9.67,10.0473,9.6498,9.69,1255013,5.234528,0.5656,5579142,6564969.6
"15-Feb-21",,,,,,5.247098,0.5639,,6608306.4
"16-Feb-21",9.8,10.12,9.7,10.1,2278418,6.105218,0.5576,,7782844.8
"17-Feb-21",9.98,10.165,9.7263,10.05,646029,6.389058,0.5494,,8075646
"18-Feb-21",10.01,10.1,9.85,9.86,890638,6.520656,0.5492,,8192322
"19-Feb-21",9.92,10.21,9.8,9.99,991679,6.36566,0.5528,,7934523.6
"22-Feb-21",9.93,10.46,9.93,10.07,1550972,6.240325,0.5511,,7931190
"23-Feb-21",10,10.21,9.52,10.19,2521169,6.177221,0.5484,,7968415.2
"24-Feb-21",10.19,10.85,10.02,10.52,1226699,6.154279,0.5484,,6771962.5596
"25-Feb-21",10.5,10.69,10,10.07,1116219,6.7976,0.5634,,7463218.2534
"26-Feb-21",10.16,10.71,10.03,10.35,1869291,6.582644,0.5568,4937162,7307002.2774
"01-Mar-21",10.73,10.73,10.33,10.47,1251736,6.472651,0.5575,,7295286.0792
"02-Mar-21",10.4,10.44,10.03,10.18,824665,6.325469,0.5574,,7136838.4464
"03-Mar-21",10.39,10.665,10.3466,10.53,1097620,6.224648,0.5608,,7055940.8874
"04-Mar-21",10.47,10.63,10.04,10.28,1119231,6.315099,0.5605,,7163060.4138
"05-Mar-21",10.45,10.46,9.68,10.2,792715,6.424873,0.5632,,7281896.1384
"08-Mar-21",10.34,10.57,10.19,10.47,541920,6.549103,0.5583,,7388457.7506
"09-Mar-21",10.6,10.6,10.26,10.37,668968,6.835894,0.5599,,5191919.5592
"10-Mar-21",10.42,10.76,10.35,10.69,604340,6.810944,0.5539,,5149953.6822
"11-Mar-21",10.73,10.845,10.495,10.71,589648,6.750252,0.5527,,5089720.3058
"12-Mar-21",10.76,10.81,10.565,10.76,1043259,6.754356,0.5514,,5098607.1974
"15-Mar-21",10.78,11.235,10.63,11.1,1177158,6.573288,0.554,4944663,4975671.8636
"16-Mar-21",11.03,11.03,10.76,10.85,901323,6.628306,0.5513,,5042817.2668
"17-Mar-21",10.93,11.27,10.91,11.25,961260,6.094705,0.5693,,4651794.0364
"18-Mar-21",11.25,11.32,10.95,10.99,747930,6.123421,0.5697,,4683885.5894
"19-Mar-21",10.97,10.99,10.43,10.76,1832175,6.187155,0.5702,,4729307.4798
"22-Mar-21",10.69,10.76,10.27,10.44,869182,6.256062,0.5706,,4776704.235
"23-Mar-21",10.32,10.46,9.95,10.03,757234,6.153522,0.571,,4719433.1558
"24-Mar-21",10.19,10.58,10.02,10.02,1069432,6.147282,0.5696,,4719186.3672
"25-Mar-21",9.9,10.47,9.715,10.43,897682,6.178362,0.5707,,4769621.9298
"26-Mar-21",10.57,10.64,10.31,10.55,882149,6.103918,0.5717,,4684573.7262
"29-Mar-21",10.49,10.73,10.255,10.3,822323,6.019447,0.572,,4639082.8266
"30-Mar-21",10.32,10.59,10.315,10.39,555145,6.1147,0.5768,,4707813.6423
"31-Mar-21",10.4,10.43,10.12,10.16,1027370,5.94826,0.5779,4536537,4611887.1801
"01-Apr-21",10.26,10.525,10.21,10.5,617799,6.018142,0.5728,,4660839.3438
"02-Apr-21",,,,,,6.007981,0.5693,,4652927.883
"05-Apr-21",10.66,10.68,10.255,10.39,501553,5.862534,0.5762,,4536728.3025
"06-Apr-21",10.35,10.52,10.29,10.46,739179,5.809022,0.5763,,4500632.2626
"07-Apr-21",10.5,10.58,10.17,10.34,440974,5.739368,0.5702,,4400750.07
"08-Apr-21",10.3,10.305,10.04,10.19,504689,6.034392,0.5686,,4437340.5762
"09-Apr-21",10.29,10.3,9.835,9.98,862176,6.361108,0.5692,,4321505.1462
"12-Apr-21",9.94,10.09,9.92,10.08,427443,6.744631,0.5691,,4347817.0608
"13-Apr-21",9.99,10.135,9.78,10.02,1579762,6.767791,0.5686,,4376850.8976
"14-Apr-21",10.08,10.52,10.05,10.08,932391,6.771885,0.5684,,4381841.0883
"15-Apr-21",10.14,10.14,9.84,9.97,632979,6.87704,0.5701,4513550,4377304.5513
"16-Apr-21",10.11,10.11,9.92,9.94,517389,6.657132,0.5688,,4179965.1918
"19-Apr-21",9.86,9.865,9.72,9.79,593631,6.68498,0.5703,,4165448.2734
"20-Apr-21",9.68,9.74,9.47,9.6,694148,6.723979,0.5706,,4158643.4679
"21-Apr-21",9.55,9.98,9.47,9.86,817193,6.779992,0.573,,4187223.651
"22-Apr-21",9.9,10.01,9.71,9.71,620827,6.893963,0.5748,,4248013.2468
"23-Apr-21",9.7,10.06,9.64,9.97,488231,6.708842,0.5724,,4119175.596
"26-Apr-21",10.12,10.27,10,10.06,333596,6.776496,0.5732,,4214752.99
"27-Apr-21",10.07,10.23,9.93,10.23,495888,6.747346,0.5715,,4169166.135
"28-Apr-21",10.22,10.4828,10.17,10.39,713166,6.857321,0.5734,,4196698.79
"29-Apr-21",10.41,10.635,10.29,10.47,570418,7.007292,0.5722,,4222426.025
"30-Apr-21",10.3,10.35,10.14,10.17,717920,7.220408,0.5754,4518057,4230099.06
"03-May-21",10.29,10.51,10.29,10.4,757377,7.355739,0.5742,,4251312.745
"04-May-21",10.31,10.31,10.05,10.14,535085,7.308063,0.5753,,4218363.83
"05-May-21",10.19,10.21,9.825,9.85,1003473,7.329706,0.5756,,4207079.955
"06-May-21",9.87,9.89,9.6,9.69,958292,7.38743,0.576,,4236869.385
"07-May-21",9.66,10.02,9.64,10.02,507404,7.409955,0.5777,,4216107.055
"10-May-21",10.06,10.14,9.61,9.61,820798,7.825698,0.5757,,4142987.545
"11-May-21",9.5,9.6,9.315,9.49,473973,8.277595,0.5792,,4466099.3445
"12-May-21",9.44,9.57,9.22,9.27,693025,8.287258,0.5771,,4407816.4092
"13-May-21",9.45,9.83,9.21,9.63,1107024,8.328802,0.5765,,4417756.1346
"14-May-21",9.7,10.07,9.63,10.02,673067,8.46151,0.5784,4268623,4471521.0129
"17-May-21",9.89,9.94,9.65,9.84,524066,8.675019,0.5784,,4438991.0025
"18-May-21",9.9,10.01,9.76,9.79,477212,8.465229,0.5791,,4318358.8806
"19-May-21",9.6,9.7,9.33,9.69,657933,8.415728,0.5792,,4274533.7277
"20-May-21",9.76,9.76,9.39,9.51,675575,8.439225,0.5792,,4260979.5567
"21-May-21",9.59,9.67,9.37,9.42,591214,8.703749,0.577,,4373930.9817
"24-May-21",9.46,9.51,9.3305,9.47,378783,9.424264,0.5787,,4479653.5155
"25-May-21",9.55,9.81,9.355,9.37,767242,9.648996,0.5749,,4338201.5549
"26-May-21",9.37,9.64,9.28,9.63,422912,9.897336,0.5744,,4387290.7194
"27-May-21",9.75,9.75,9.62,9.64,436303,10.52793,0.5737,,4529435.8653
"28-May-21",9.75,9.765,9.5,9.61,754256,10.578382,0.5741,4338634,4551632.7049
"31-May-21",,,,,,10.581046,0.5741,,4552913.2918
"01-Jun-21",9.7,9.94,9.61,9.87,505337,10.546758,0.5749,,4515349.4094
"02-Jun-21",9.93,10.05,9.86,9.89,571712,11.080177,0.5652,,4677130.2211
"03-Jun-21",9.83,9.85,9.605,9.67,534676,13.048535,0.5636,,5474508.9975
"04-Jun-21",9.7,9.75,9.65,9.69,277209,13.265647,0.5616,,5469813.5122
"07-Jun-21",9.7,10.115,9.7,10.09,640353,13.130685,0.5636,,5349438.3436
"08-Jun-21",10.21,10.39,10.06,10.27,516856,12.574038,0.5699,,5101004.485
"09-Jun-21",10.28,10.4,10.135,10.16,317980,12.658264,0.5783,,4870984.3918
"10-Jun-21",10.21,10.21,10.02,10.07,383100,12.562214,0.5778,,4803735.5648
"11-Jun-21",10.08,10.18,10.03,10.16,548678,12.6517,0.5755,,4831936.6858
"14-Jun-21",10.24,10.36,10.045,10.14,363522,13.077721,0.5798,,4931291.4044
"15-Jun-21",10.11,10.18,10.005,10.12,377891,13.341692,0.5832,4634773,4995503.1876
"16-Jun-21",10.15,10.26,10.04,10.16,356326,13.176486,0.5844,,4842783.2708
"17-Jun-21",10.21,10.27,9.84,9.97,436394,14.556172,0.5875,,5293133.48
"18-Jun-21",9.84,9.9,9.58,9.59,1024108,14.456454,0.5976,,5264498.4956
"21-Jun-21",9.67,9.815,9.57,9.77,626380,14.665758,0.5925,,5179461.2692
"22-Jun-21",9.79,9.825,9.66,9.7,488357,14.850443,0.5963,,5225016.9262
"23-Jun-21",9.7,9.83,9.66,9.68,501783,14.794186,0.5965,,5159503.5528
"24-Jun-21",9.69,9.78,9.52,9.73,340572,14.898893,0.5959,,4772425.7581
"25-Jun-21",9.74,9.9,9.665,9.9,1617117,14.698778,0.5963,,4771035.3262
"28-Jun-21",9.77,9.77,9.215,9.39,1192967,14.774155,0.5878,,4801624.828
"29-Jun-21",9.44,9.495,9.29,9.32,632285,14.849897,0.5891,,4825262.1703
"30-Jun-21",9.24,9.4331,9.21,9.33,470307,12.970178,0.6062,4182917,4178711.3368
"01-Jul-21",9.42,9.5401,9.38,9.46,469457,13.062323,0.6024,,4159245.2902
"02-Jul-21",9.46,9.49,9.3,9.41,385361,13.039177,0.6071,,4127728.8338
"06-Jul-21",9.3,9.31,9.015,9.13,682055,12.949234,0.6128,,4117995.8105
"07-Jul-21",9.1,9.21,8.89,9.01,608216,13.004296,0.6125,,4122167.1062
"08-Jul-21",8.78,9.09,8.62,8.89,499609,13.163668,0.6124,,4178711.3368
"09-Jul-21",9.01,9.18,8.98,9.16,405454,12.873161,0.6134,,4076282.8535
"12-Jul-21",9.15,9.36,9.09,9.34,394090,13.046373,0.6158,,4086709.909
"13-Jul-21",9.21,9.27,9.01,9.05,622476,12.969917,0.6151,,4082526.992
"14-Jul-21",9.08,9.29,9.08,9.16,816388,13.046067,0.6154,,4027730.7793
"15-Jul-21",9.05,9.27,9.01,9.14,647366,12.939883,0.6159,3998507,3965823.6077
"16-Jul-21",9.28,9.31,8.87,8.88,801260,12.833135,0.6152,,3949928.5231
"19-Jul-21",8.57,8.64,8.215,8.44,932849,12.684541,0.6184,,3946163.8978
"20-Jul-21",8.39,8.97,8.32,8.88,1003670,12.422482,0.6269,,3905171.3112
"21-Jul-21",8.99,9.49,8.96,9.3,905225,12.146989,0.631,,3838662.9309
"22-Jul-21",9.21,9.4099,9.1,9.22,735504,12.296186,0.6291,,3877982.3507
"23-Jul-21",9.31,9.34,9.045,9.07,403141,12.268958,0.6275,,3848283.64
"26-Jul-21",9.12,9.34,9.09,9.29,559623,12.413688,0.6272,,3932931.4852
"27-Jul-21",9.24,9.34,9.1,9.17,350397,12.246783,0.6265,,3881750.5956
"28-Jul-21",9.26,9.34,8.945,9.15,530910,12.195812,0.6257,,3868955.3732
"29-Jul-21",9.18,9.35,9.14,9.27,369007,12.263293,0.6264,,3856560.0015
"30-Jul-21",9.22,9.42,8.98,9.01,510506,12.287683,0.6258,4114696,3858159.4043
"02-Aug-21",9.03,9.3,8.73,8.75,603833,12.308773,0.6257,,3853761.0466
"03-Aug-21",8.8,8.85,8.49,8.72,1160113,12.156778,0.6253,,3858559.255
"04-Aug-21",8.83,9.08,8.48,8.58,773548,12.304098,0.6245,,3906941.1897
"05-Aug-21",8.65,9.02,8.65,8.94,528043,12.711015,0.6225,,4035293.2644
"06-Aug-21",9,9.29,8.915,9.08,556399,12.696229,0.6239,,3986111.6283
"09-Aug-21",9.07,9.07,8.72,8.81,361032,12.940192,0.6238,,4011702.0731
"10-Aug-21",8.75,8.98,8.68,8.87,545910,13.036493,0.6236,,4303560.5464
"11-Aug-21",8.89,9.17,8.78,9.1,1002867,13.001146,0.6233,,4311789.9384
"12-Aug-21",9.1,9.18,8.915,9.11,619301,13.340565,0.62,,4440579.9232
"13-Aug-21",9.06,9.13,8.97,9.11,524794,13.466457,0.6189,4567642,4463622.2208
"16-Aug-21",8.84,8.97,8.71,8.88,882436,13.23327,0.6164,,4353759.8376
"17-Aug-21",8.75,8.81,8.515,8.76,1093463,13.310368,0.6179,,4433584.94
"18-Aug-21",8.71,8.905,8.57,8.76,905966,13.18692,0.6165,,4434819.3488
"19-Aug-21",8.62,8.69,8.38,8.48,828381,12.652562,0.6128,,4292450.8672
"20-Aug-21",8.47,8.74,8.28,8.68,561572,12.747942,0.6128,,4314670.2256
"23-Aug-21",8.8,8.91,8.725,8.81,558759,12.383251,0.6056,,4181765.5448
"24-Aug-21",8.85,8.99,8.82,8.95,1056888,12.129394,0.6055,,4237401.4834
"25-Aug-21",9.03,9.2,8.91,9.1,1329289,11.925661,0.6025,,4263437.0428
"26-Aug-21",9.12,9.23,9,9.03,1093538,10.993084,0.5983,,3960602.3782
"27-Aug-21",9.05,9.46,9.05,9.41,930054,10.797757,0.5953,,3937307.404
"30-Aug-21",9.46,9.5,9.195,9.3,494993,11.361964,0.5917,,4138740.4162
"31-Aug-21",9.24,9.3994,9.105,9.32,1401945,11.263715,0.5874,4955546,4175738.3164
"01-Sep-21",9.41,9.565,9.285,9.47,1198789,11.29527,0.5868,,4238315.0118
"02-Sep-21",9.51,9.515,9.34,9.37,753440,11.334001,0.5874,,4276683.2046
"03-Sep-21",9.36,9.36,9.035,9.15,568138,11.678302,0.5843,,4406404.2374
"06-Sep-21",,,,,,11.534317,0.5843,,4406404.2374
"07-Sep-21",9.08,9.18,8.99,9.11,771276,11.457142,0.5833,,4385393.0842
"08-Sep-21",9.11,9.16,8.88,9.04,859812,12.377531,0.6055,,4760853.2566
"09-Sep-21",8.97,9.1415,8.87,8.96,1308956,12.021289,0.6058,,4705584.7884
"10-Sep-21",9.07,9.07,8.81,8.83,1014490,12.092339,0.6053,,5703337.8914
"13-Sep-21",8.95,9.35,8.85,9.26,1707678,12.101311,0.6164,,5894126.4124
"14-Sep-21",9.36,9.379,9.12,9.16,1270985,12.065333,0.6182,,5942195.2086
"15-Sep-21",9.14,9.23,9.05,9.18,2007014,11.230313,0.6152,4843284,5719195.6386
"16-Sep-21",9.21,9.33,9.14,9.21,1285932,11.069173,0.6136,,5739513.3772
"17-Sep-21",9.24,9.395,9.18,9.28,2678565,10.187066,0.6155,,5523451.5716
"20-Sep-21",9.08,9.26,8.94,9.23,1488150,10.123952,0.6126,,5577962.5776
"21-Sep-21",9.34,9.71,9.295,9.57,1353090,8.874613,0.6156,,4936714.9252
"22-Sep-21",9.69,9.91,9.645,9.8,796090,8.500689,0.6112,,4743448.6312
"23-Sep-21",9.9,10.025,9.83,9.95,856372,8.569299,0.603,,4813817.3844
"24-Sep-21",9.87,10.04,9.86,9.92,499717,8.182259,0.5977,,3892063.0224
"27-Sep-21",9.66,10.195,9.45,9.91,1467683,7.881205,0.6003,,3773886.8928
"28-Sep-21",9.87,10.12,9.75,9.82,1063790,7.816676,0.6,,3756935.3988
"29-Sep-21",9.91,10,9.75,9.94,1103296,7.902421,0.6007,,3792291.372
"30-Sep-21",9.95,9.96,9.61,9.63,936433,7.861519,0.5985,4363955,3793260.0288
"01-Oct-21",9.75,10.07,9.68,9.99,1035415,7.718661,0.6044,,3761778.6828
"04-Oct-21",10,10.1,9.79,9.8,794162,7.536226,0.5974,,3726422.7096
"05-Oct-21",9.84,9.84,9.685,9.75,572197,7.584313,0.595,,3729813.0084
"06-Oct-21",9.59,9.71,9.37,9.71,593752,8.020615,0.5946,,3924997.3536
"07-Oct-21",9.84,9.93,9.77,9.87,1866398,7.967149,0.5949,,3979242.1344
"08-Oct-21",9.87,10,9.8,9.95,424036,8.015317,0.5965,,3990866.016
"11-Oct-21",10,10.16,9.88,9.99,468299,7.953171,0.5965,,4591317.0555
"12-Oct-21",9.99,10.01,9.85,9.91,466806,7.326803,0.5784,,4198997.501
"13-Oct-21",9.86,9.86,9.66,9.83,489136,6.867804,0.5862,,3942396.947
"14-Oct-21",9.94,10.1,9.81,10.07,796884,6.784778,0.576,,3906176.1205
"15-Oct-21",10.36,10.4,10.155,10.19,570681,6.221069,0.5896,4025031,3566660.4215
"18-Oct-21",10.11,10.36,10.045,10.18,650877,6.291459,0.5881,,3612918.3445
"19-Oct-21",10.3,10.3,9.99,10.16,821373,6.914795,0.5767,,3965962.304
"20-Oct-21",10.15,10.23,9.995,10.17,647282,6.965057,0.5775,,3975563.005
"21-Oct-21",10.19,10.205,9.97,10.09,459134,6.497501,0.5843,,3674013.7145
"22-Oct-21",10.08,10.21,9.98,10.1,455137,6.294959,0.5814,,3531748.7815
"25-Oct-21",10.04,10.17,9.8771,10.04,403000,6.254027,0.584,,3516911.3345
"26-Oct-21",10.07,10.09,9.82,9.83,536491,6.392852,0.5831,,4033483.5651
"27-Oct-21",9.77,9.99,9.6087,9.91,565749,6.33252,0.5853,,3995648.2737
"28-Oct-21",9.97,10.07,9.75,10.06,498878,6.271791,0.5868,,3967875.5598
"29-Oct-21",10.04,10.14,9.945,10,1041270,6.243456,0.5886,,3985183.1931
"01-Nov-21",10.07,10.42,10.04,10.38,661734,6.167329,0.5879,,3981963.1683
"02-Nov-21",10.42,10.49,10.21,10.22,720203,6.006455,0.5888,,3867249.7848
"03-Nov-21",10.15,10.55,10.15,10.44,1081891
"19-Nov-21",,,,,,,,,,,0